48
0.0 4726.65314996 1204.34920185 6362.50210216 3656.99124965 3129.52088985 2413.52232225 562.30418814 462.082243762 5653.50333864 1712.35656334 1603.56633789 2367.19771037 2200.3654242 1289.44522955 1003.88495357 3832.68704697 2257.59894578 3418.90391792 2266.9847816 2956.02046678 719.956943157 1699.31339076 5278.15659108 2577.88479184 6075.46623725 3464.67848436 2653.68291248 3624.64591374 3114.92102629 1573.15765262 3950.06645514 1747.35915026 2141.2381932 6754.23496778 2382.11502661 3305.89594513 1028.9047575 3529.28831353 824.313653896 2187.00022862 4819.39622774 3488.98724561 1946.90035698 6834.31818106 1541.72922396 2378.53442271 3743.0792137 
4726.65314996 0.0 3587.42316991 2011.66224799 1841.40082546 6976.77067131 6500.00276923 5186.86687703 5027.70822542 2326.83518969 4147.8236462 4722.74337647 3634.91746811 3124.14244234 4906.11098529 3929.65100232 7462.78500293 6337.10036215 7242.33180681 5104.5558083 4042.94212177 4021.37091052 3676.23992688 2862.58641791 3105.93303212 1849.15656449 7172.87703784 6629.00482727 1203.18410894 6813.08865347 6000.58538811 3446.9071644 5252.22029241 2655.55436774 3122.58482671 6273.40306373 7182.76172513 5621.92467043 3084.11445961 4563.01095769 2755.06878317 1590.90225973 7026.7012175 6185.67837832 3471.20800299 5460.74765943 4389.05547926 2087.27669464 
1204.34920185 3587.42316991 0.0 5162.02770237 2457.86574084 3677.39581769 3070.3604023 1741.99913892 1443.58754497 4461.98935454 1183.6249406 1519.96118371 1497.1559705 1102.744304 1500.85642218 950.238917326 4297.45983111 2902.44379791 3966.38437371 2168.79436554 2208.89882068 651.641772756 827.118492116 4135.79907636 1517.27815512 4872.96100949 3953.05578003 3253.05548677 2445.98303347 3580.28043594 2440.56427901 2959.62598988 1965.15063036 949.29447486 5563.66003634 2915.05557408 3877.7654648 2034.5623608 2481.9631343 1026.93816756 1394.87669706 3616.9076571 3890.77434452 2685.26832924 5660.20352991 2022.99036083 1866.16746301 2559.95566368 
6362.50210216 2011.66224799 5162.02770237 0.0 2798.67289979 8063.71738096 7726.7851659 6877.26871658 6580.34535568 1401.70788683 5365.60471895 5945.98755465 4678.9864287 4377.00319854 6224.77951417 5708.59177031 8416.99168349 7577.25029282 8295.38938206 6134.93284397 4801.40687716 5706.34392584 4981.8756508 2321.81997579 4177.34329449 319.845275094 8185.60932369 7799.94871778 2777.30102798 7858.02939674 7407.99136069 3762.92864668 6460.56104375 4222.12008356 1426.01157078 7450.7216429 8262.97991042 7130.39199483 3668.38288623 6010.93470269 4637.28983351 1680.835804 7986.73932215 7501.60436173 1876.19455281 6757.80585693 5359.90158492 2843.78005479 
3656.99124965 1841.40082546 2457.86574084 2798.67289979 0.0 5329.47201888 4945.93418881 4199.86487878 3823.60262057 2011.19989061 2572.63289258 3156.11945275 1923.09022149 1579.17098504 3426.33127412 3178.24637182 5748.34245674 4792.84007661 5576.98314503 3408.22725181 2222.25696084 3065.86317372 2184.29233392 1859.25415153 1400.11035279 2490.11907346 5485.28522504 5034.30730091 893.067186722 5140.42255072 4610.53337478 1668.97872964 3676.97933092 1589.84024355 3112.01944081 4681.21576089 5532.70286569 4351.56293761 1251.33089149 3226.57744367 2425.57725088 1168.40960284 5312.0833013 4705.56627836 3240.71103309 3961.74532246 2650.96303256 303.784463066 
3129.52088985 6976.77067131 3677.39581769 8063.71738096 5329.47201888 0.0 742.825013041 3208.38728959 2669.16260277 6928.29683256 2830.10671177 2265.69768504 3406.50260531 3853.1733675 2177.32542354 4075.47813146 726.006198321 880.193160619 292.576485726 1929.21564373 3309.31201309 3671.53278618 3314.12990089 6198.372851 3931.80581921 7744.8559057 364.869839806 481.682468022 5773.95574974 260.461129538 1658.19721384 4512.77940963 1745.95217575 4430.30472993 7909.41141932 768.531716977 206.118897727 2224.5116318 4434.07453704 2680.27946304 5052.25227003 6383.19551635 549.604403185 1223.01349134 7804.17375511 1669.67841215 2703.87296299 5229.95994249 
2413.52232225 6500.00276923 3070.3604023 7726.7851659 4945.93418881 742.825013041 0.0 2467.29973858 1951.4574041 6672.58645504 2379.73212778 1794.35364407 3050.48405995 3404.89089399 1603.17341545 3381.32592336 1468.49174325 167.91962363 1019.47535527 1680.16487286 3109.42261521 2992.99515536 2826.48757294 6008.84756006 3551.05505449 7411.24173132 1103.14686239 266.925083123 5299.66187601 820.329811722 915.428315053 4347.47110399 1269.03821849 3889.92917673 7697.56454991 331.04984519 899.089539479 1483.08630902 4184.0996642 2048.11254574 4414.24059154 6050.72375836 1218.74443588 481.274350033 7634.17114034 1053.32093875 2431.52380206 4883.60276845 
562.30418814 5186.86687703 1741.99913892 6877.26871658 4199.86487878 3208.38728959 2467.29973858 0.0 717.898321491 6202.36809614 2240.41357789 2050.41483608 2919.81454891 2761.64769658 1686.69766111 1303.75035954 3931.25577901 2330.34182042 3486.41850615 2668.5340545 3486.2192989 1174.67442298 2259.14851216 5839.0157561 3140.17196981 6595.20613779 3562.82205562 2727.00293363 4119.93786361 3239.16856616 1558.36099797 4506.6361069 2081.57296293 2657.92193264 7303.78449846 2511.05754613 3363.917062 984.228123963 4090.56010835 1318.98635323 2543.77357483 5357.46227238 3631.03098307 1986.04556846 7390.36460535 1784.76581097 2878.62814549 4295.211287 
462.082243762 5027.70822542 1443.58754497 6580.34535568 3823.60262057 2669.16260277 1951.4574041 717.898321491 0.0 5788.32376427 1601.48087719 1342.54422646 2329.67487002 2290.91597402 969.744811793 1450.63330997 3375.16962537 1795.86218848 2958.00608519 1950.63579379 2834.51600807 1111.68070956 1724.76375194 5345.46546149 2627.59395646 6284.77286781 3006.66010716 2192.41077355 3888.50639706 2660.02951111 1121.45664205 3919.28679737 1371.76091211 2390.83019054 6882.9634606 1926.06749622 2844.39729996 610.669304943 3542.10841167 675.002962956 2589.32307756 4992.01161858 3038.11125537 1485.4753448 6933.2694308 1111.73063284 2195.33550967 3875.41920313 
5653.50333864 2326.83518969 4461.98935454 1401.70788683 2011.19989061 6928.29683256 6672.58645504 6202.36809614 5788.32376427 0.0 4391.46729465 4946.12019668 3647.93928129 3500.02799989 5273.25146376 5182.12552916 7215.62374296 6534.30799703 7139.65517375 5021.06442898 3620.22665036 5076.59748257 4089.16348414 921.434208178 3206.642169 1130.84835411 7013.21245935 6713.02204674 2436.40595961 6706.29920299 6476.80422739 2475.32321122 5431.57177988 3598.08518521 1101.73045705 6375.21732963 7120.71737959 6283.02673876 2496.95494553 5159.71675579 4317.91732204 936.384536395 6794.60992258 6506.74334825 1267.88524717 5772.70828988 4248.64802025 1913.99320793 
1712.35656334 4147.8236462 1183.6249406 5365.60471895 2572.63289258 2830.10671177 2379.73212778 2240.41357789 1601.48087719 4391.46729465 0.0 585.431464819 765.028104059 1028.96890138 882.366137156 2039.6788963 3352.392131 2223.57639851 3099.57819711 1048.16458631 1245.95104238 1624.40912334 502.132452646 3840.36899269 1195.23094003 5053.00395804 3041.86423103 2487.55984853 2944.68691035 2675.71597895 2086.13374451 2330.30684675 1113.21740913 1649.8678735 5458.94907468 2131.74318341 3036.20766747 1957.75892285 1996.49317555 930.940384772 2512.85594494 3700.28012453 2922.53195021 2136.90664279 5458.44886392 1393.80414693 710.769301532 2533.55895925 
1603.56633789 4722.74337647 1519.96118371 5945.98755465 3156.11945275 2265.69768504 1794.35364407 2050.41483608 1342.54422646 4946.12019668 585.431464819 0.0 1298.34124944 1611.94695943 405.294954323 2207.1565418 2823.40308847 1638.2362467 2541.76100371 693.732657441 1585.57623595 1766.55399012 1049.56228972 4356.47013074 1769.95056428 5632.43153531 2497.85347849 1906.92632265 3519.80581851 2127.07733757 1557.66491904 2777.79768882 530.065090343 2170.89520705 6002.06672739 1551.10186642 2471.6013028 1537.54674726 2505.38639734 790.043036802 2911.58118554 4276.65114313 2402.36487653 1563.44363506 5982.24456204 826.755102796 891.426385071 3108.68412676 
2367.19771037 3634.91746811 1497.1559705 4678.9864287 1923.09022149 3406.50260531 3050.48405995 2919.81454891 2329.67487002 3647.93928129 765.028104059 1298.34124944 0.0 645.87692326 1641.02467989 2445.98160255 3839.15680847 2904.23690494 3654.45987801 1487.41554382 729.89999315 2095.73877189 696.500538406 3075.96391396 532.076122373 4362.47464176 3566.20610734 3121.77417505 2452.86872865 3218.31322279 2841.8391932 1591.44022822 1790.92182967 1479.24980987 4705.34302682 2771.78444328 3609.62283348 2720.20146313 1231.79097253 1655.21781044 2549.31304472 3000.8540451 3402.36697021 2859.37650546 4696.00042589 2125.07929264 755.312518101 1835.29643382 
2200.3654242 3124.14244234 1102.744304 4377.00319854 1579.17098504 3853.1733675 3404.89089399 2761.64769658 2290.91597402 3500.02799989 1028.96890138 1611.94695943 645.87692326 0.0 1852.06074414 2025.08789933 4348.58620703 3246.61747054 4118.22097513 1996.90260153 1340.22274268 1752.92498413 605.12643307 3077.90789336 418.800668576 4069.25177398 4051.16094472 3516.52626892 1922.25544608 3689.63968431 3031.37674993 1865.90165872 2141.41074995 837.00955789 4592.56812688 3160.70118803 4059.07624959 2787.84522526 1379.42741745 1662.01113113 1931.36066026 2735.97733909 3914.16913278 3137.23206027 4646.42712199 2394.95073018 1350.57691377 1591.71919634 
1289.44522955 4906.11098529 1500.85642218 6224.77951417 3426.33127412 2177.32542354 1603.17341545 1686.69766111 969.744811793 5273.25146376 882.366137156 405.294954323 1641.02467989 1852.06074414 0.0 2028.24949156 2802.26640418 1437.31485764 2465.730115 985.237534811 1986.22556624 1592.11965631 1252.55937983 4715.68361958 2071.69519959 5914.72002719 2453.92746429 1763.643955 3709.7478351 2081.67096343 1203.79732513 3163.74588107 496.327512838 2286.77633362 6341.21951993 1418.80830277 2378.64856589 1133.46636474 2866.72025144 553.244972865 2884.76914154 4568.89012781 2404.40117285 1288.16924354 6337.00386618 554.707129934 1296.48332037 3405.59201902 
1003.88495357 3929.65100232 950.238917326 5708.59177031 3178.24637182 4075.47813146 3381.32592336 1303.75035954 1450.63330997 5182.12552916 2039.6788963 2207.1565418 2445.98160255 2025.08789933 2028.24949156 0.0 4758.91174535 3219.97919248 4367.55549478 2899.39873077 3150.77387319 441.040814438 1764.54895087 4959.46327741 2443.85126389 5442.44366071 4395.3616461 3609.11346455 2931.29135365 4033.93034149 2571.62750024 3890.95618068 2524.23790479 1589.60435329 6277.60025806 3312.69995623 4260.57519591 2032.69525507 3397.90067542 1475.14473866 1240.45354609 4286.54651205 4389.62743294 2927.54231396 6418.83618735 2427.13328847 2748.27309414 3336.40300324 
3832.68704697 7462.78500293 4297.45983111 8416.99168349 5748.34245674 726.006198321 1468.49174325 3931.25577901 3375.16962537 7215.62374296 3352.392131 2823.40308847 3839.15680847 4348.58620703 2802.26640418 4758.91174535 0.0 1600.94878119 476.615148731 2358.31507649 3616.4359527 4344.83325342 3850.94118366 6432.50410027 4371.208071 8097.14641093 369.270903268 1205.03485427 6266.38173111 725.785781068 2383.91379878 4753.16704945 2334.16923123 4990.61168596 8147.80755786 1451.13541753 608.047695498 2948.1453492 4751.64750376 3330.46558307 5686.63450558 6745.46143714 436.790567664 1947.67271378 8004.07802311 2333.85882178 3097.57195235 5617.85617473 
2257.59894578 6337.10036215 2902.44379791 7577.25029282 4792.84007661 880.193160619 167.91962363 2330.34182042 1795.86218848 6534.30799703 2223.57639851 1638.2362467 2904.23690494 3246.61747054 1437.31485764 3219.97919248 1600.94878119 0.0 1164.72700664 1562.26918295 2987.18630152 2828.90809324 2665.26415201 5881.08850469 3400.27190089 7262.26032307 1232.51369161 398.900990222 5137.39048545 922.581161741 793.353641197 4226.61968954 1116.77437292 3723.83941652 7564.82630336 285.511821121 1048.82076638 1347.81897894 4050.13641746 1880.29412593 4247.12008307 5902.75842297 1321.5918432 354.132743473 7507.84256628 886.24714386 2301.07648721 4735.04223846 
3418.90391792 7242.33180681 3966.38437371 8295.38938206 5576.98314503 292.576485726 1019.47535527 3486.41850615 2958.00608519 7139.65517375 3099.57819711 2541.76100371 3654.45987801 4118.22097513 2465.730115 4367.55549478 476.615148731 1164.72700664 0.0 2169.43955896 3519.84616141 3964.07996892 3587.86426722 6392.2763551 4182.75339938 7976.04776816 201.357890335 766.188619075 6040.29088704 437.594561209 1931.07560701 4705.72980525 2026.85371944 4710.09564659 8106.40055758 1060.84494626 131.468627436 2502.20722563 4651.10094494 2971.91268378 5343.21045814 6616.15991342 485.056697717 1500.6615208 7988.71034648 1961.76578622 2938.27057978 5468.8794099 
2266.9847816 5104.5558083 2168.79436554 6134.93284397 3408.22725181 1929.21564373 1680.16487286 2668.5340545 1950.63579379 5021.06442898 1048.16458631 693.732657441 1487.41554382 1996.90260153 985.237534811 2899.39873077 2358.31507649 1562.26918295 2169.43955896 0.0 1429.94860047 2459.22792762 1546.94602362 4332.75812849 2018.11050243 5816.24019449 2078.84318793 1693.89521518 3909.31630851 1732.43441434 1812.07753697 2667.3134424 653.620685107 2693.14555864 6028.94302511 1365.51382271 2129.83567441 1990.11381584 2524.45637712 1473.47107199 3541.25203847 4454.24741118 1922.14567606 1640.90371442 5956.11660396 1070.17428487 776.552638267 3301.25582165 
2956.02046678 4042.94212177 2208.89882068 4801.40687716 2222.25696084 3309.31201309 3109.42261521 3486.2192989 2834.51600807 3620.22665036 1245.95104238 1585.57623595 729.89999315 1340.22274268 1986.22556624 3150.77387319 3616.4359527 2987.18630152 3519.84616141 1429.94860047 0.0 2778.66964571 1386.22689341 2904.49651403 1061.68969101 4481.58822294 3397.01103913 3118.63880563 2921.19924004 3086.08651855 3114.23634299 1239.6531773 1952.86072212 2174.59559459 4606.62663996 2795.23254847 3500.7023581 3118.95912125 1135.60600562 2172.48705405 3267.78900788 3135.20158842 3188.11997892 3028.79117801 4526.36476656 2354.22004069 710.721464429 2041.55063616 
719.956943157 4021.37091052 651.641772756 5706.34392584 3065.86317372 3671.53278618 2992.99515536 1174.67442298 1111.68070956 5076.59748257 1624.40912334 1766.55399012 2095.73877189 1752.92498413 1592.11965631 441.040814438 4344.83325342 2828.90809324 3964.07996892 2459.22792762 2778.66964571 0.0 1400.99536045 4780.12813636 2165.03579647 5426.99659112 3983.81688836 3211.89056476 2945.35091288 3619.09063164 2223.64947777 3602.04955546 2088.44296068 1495.59118746 6177.80867298 2905.02495686 3860.58881519 1718.32389263 3131.07808909 1039.00192493 1478.63315261 4210.09572338 3968.19379567 2552.47037201 6289.08872572 2011.00099453 2335.15738228 3188.46483437 
1699.31339076 3676.23992688 827.118492116 4981.8756508 2184.29233392 3314.12990089 2826.48757294 2259.14851216 1724.76375194 4089.16348414 502.132452646 1049.56228972 696.500538406 605.12643307 1252.55937983 1764.54895087 3850.94118366 2665.26415201 3587.86426722 1546.94602362 1386.22689341 1400.99536045 0.0 3620.70227995 902.919708501 4674.35043616 3536.17095175 2953.19572667 2474.25948518 3168.02541025 2426.28872973 2253.71803915 1577.21590152 1147.84014566 5176.11166804 2597.84718565 3520.16164402 2193.87624993 1832.98499721 1073.02982251 2053.18289492 3339.73921138 3422.37490641 2540.34426801 5212.4617025 1800.94003232 1076.09107421 2189.19528594 
5278.15659108 2862.58641791 4135.79907636 2321.81997579 1859.25415153 6198.372851 6008.84756006 5839.0157561 5345.46546149 921.434208178 3840.36899269 4356.47013074 3075.96391396 3077.90789336 4715.68361958 4959.46327741 6432.50410027 5881.08850469 6392.2763551 4332.75812849 2904.49651403 4780.12813636 3620.70227995 0.0 2717.98546722 2041.70835332 6253.81355654 6023.12609863 2568.80225008 5965.46477653 5912.00541272 1686.58234308 4806.8019514 3383.18577675 1715.73570226 5698.16856543 6383.9201906 5786.64894391 1851.10804655 4686.71740134 4284.79462752 1271.88403559 6021.35441574 5891.7124845 1628.44035813 5177.27070955 3580.26605157 1638.22739569 
2577.88479184 3105.93303212 1517.27815512 4177.34329449 1400.11035279 3931.80581921 3551.05505449 3140.17196981 2627.59395646 3206.642169 1195.23094003 1769.95056428 532.076122373 418.800668576 2071.69519959 2443.85126389 4371.208071 3400.27190089 4182.75339938 2018.11050243 1061.68969101 2165.03579647 902.919708501 2717.98546722 0.0 3863.06613974 4096.89065024 3634.69902468 1931.12816768 3747.24979151 3273.23769378 1447.11195144 2283.49775564 1163.60517359 4285.31119057 3282.12278868 4135.64432707 3085.98590405 966.63229824 1972.88240907 2284.90875091 2506.76883657 3934.41965225 3330.71959192 4311.55714331 2588.4823739 1283.34718607 1339.05040981 
6075.46623725 1849.15656449 4872.96100949 319.845275094 2490.11907346 7744.8559057 7411.24173132 6595.20613779 6284.77286781 1130.84835411 5053.00395804 5632.43153531 4362.47464176 4069.25177398 5914.72002719 5442.44366071 8097.14641093 7262.26032307 7976.04776816 5816.24019449 4481.58822294 5426.99659112 4674.35043616 2041.70835332 3863.06613974 0.0 7865.96268743 7482.81905434 2514.45898754 7538.72197392 7100.62849331 3448.23157575 6145.72127581 3937.68371 1374.4831756 7133.99313148 7943.95934028 6830.13418609 3348.7027339 5708.75266586 4396.14103504 1362.73621806 7666.90772085 7189.5650077 1797.53303169 6445.8973774 5040.99236262 2527.68668945 
3464.67848436 7172.87703784 3953.05578003 8185.60932369 5485.28522504 364.869839806 1103.14686239 3562.82205562 3006.66010716 7013.21245935 3041.86423103 2497.85347849 3566.20610734 4051.16094472 2453.92746429 4395.3616461 369.270903268 1232.51369161 201.357890335 2078.84318793 3397.01103913 3983.81688836 3536.17095175 6253.81355654 4096.89065024 7865.96268743 0.0 838.116936949 5972.84295792 373.065677864 2018.02477685 4568.18300859 1995.98522039 4668.66683326 7969.10490582 1084.36571322 305.0 2580.15387138 4531.35090232 2975.31712595 5338.34627951 6508.5191096 286.400069832 1580.66947842 7843.4350893 1973.26632769 2837.89023748 5368.06790196 
2653.68291248 6629.00482727 3253.05548677 7799.94871778 5034.30730091 481.682468022 266.925083123 2727.00293363 2192.41077355 6713.02204674 2487.55984853 1906.92632265 3121.77417505 3516.52626892 1763.643955 3609.11346455 1205.03485427 398.900990222 766.188619075 1693.89521518 3118.63880563 3211.89056476 2953.19572667 6023.12609863 3634.69902468 7482.81905434 838.116936949 0.0 5426.33587239 557.983870735 1180.00677964 4348.86100031 1376.9854756 4043.21382071 7722.4056485 355.883407874 652.561874461 1743.37890316 4217.38698722 2240.67311315 4613.72051603 6120.32425612 954.381998992 742.689706405 7643.2313847 1230.81273962 2464.44009868 4956.79785749 
3624.64591374 1203.18410894 2445.98303347 2777.30102798 893.067186722 5773.95574974 5299.66187601 4119.93786361 3888.50639706 2436.40595961 2944.68691035 3519.80581851 2452.86872865 1922.25544608 3709.7478351 2931.29135365 6266.38173111 5137.39048545 6040.29088704 3909.31630851 2921.19924004 2945.35091288 2474.25948518 2568.80225008 1931.12816768 2514.45898754 5972.84295792 5426.33587239 0.0 5611.87357306 4823.01244037 2549.90686104 4049.4308242 1497.70658008 3475.53103856 5070.65774826 5979.9787625 4469.94060363 2095.6092193 3387.39974021 1910.05759075 1500.36328934 5830.87111845 4993.1466031 3703.5508637 4263.92647685 3208.12530927 1195.95652095 
3114.92102629 6813.08865347 3580.28043594 7858.02939674 5140.42255072 260.461129538 820.329811722 3239.16856616 2660.02951111 6706.29920299 2675.71597895 2127.07733757 3218.31322279 3689.63968431 2081.67096343 4033.93034149 725.785781068 922.581161741 437.594561209 1732.43441434 3086.08651855 3619.09063164 3168.02541025 5965.46477653 3747.24979151 7538.72197392 373.065677864 557.983870735 5611.87357306 0.0 1715.88869103 4279.00105165 1623.07270324 4297.95300114 7678.43349909 734.401116557 419.548566914 2262.35364167 4215.89290661 2605.80160411 4966.35127634 6178.67825671 399.540986633 1276.69025218 7566.62831121 1608.16479255 2500.67850793 5031.33550859 
1573.15765262 6000.58538811 2440.56427901 7407.99136069 4610.53337478 1658.19721384 915.428315053 1558.36099797 1121.45664205 6476.80422739 2086.13374451 1557.66491904 2841.8391932 3031.37674993 1203.79732513 2571.62750024 2383.91379878 793.353641197 1931.07560701 1812.07753697 3114.23634299 2223.64947777 2426.28872973 5912.00541272 3273.23769378 7100.62849331 2018.02477685 1180.00677964 4823.01244037 1715.88869103 0.0 4329.43599098 1179.21372109 3345.9793783 7544.71397735 1022.10224537 1807.07636806 577.631370339 4061.0965268 1437.57851959 3692.49522681 5762.24478827 2114.66995061 439.476961854 7536.03675681 762.566718393 2403.84046892 4602.86486875 
3950.06645514 3446.9071644 2959.62598988 3762.92864668 1668.97872964 4512.77940963 4347.47110399 4506.6361069 3919.28679737 2475.32321122 2330.30684675 2777.79768882 1591.44022822 1865.90165872 3163.74588107 3890.95618068 4753.16704945 4226.61968954 4705.72980525 2667.3134424 1239.6531773 3602.04955546 2253.71803915 1686.58234308 1447.11195144 3448.23157575 4568.18300859 4348.86100031 2549.90686104 4279.00105165 4329.43599098 0.0 3183.73758341 2509.42583074 3401.05939378 4030.96576517 4697.59395861 4280.57589583 532.632143228 3244.3144114 3611.76203535 2186.3067031 4338.43992698 4264.5107574 3295.58280127 3575.63812487 1940.56924638 1380.96089735 
1747.35915026 5252.22029241 1965.15063036 6460.56104375 3676.97933092 1745.95217575 1269.03821849 2081.57296293 1371.76091211 5431.57177988 1113.21740913 530.065090343 1790.92182967 2141.41074995 496.327512838 2524.23790479 2334.16923123 1116.77437292 2026.85371944 653.620685107 1952.86072212 2088.44296068 1577.21590152 4806.8019514 2283.49775564 6145.72127581 1995.98522039 1376.9854756 4049.4308242 1623.07270324 1179.21372109 3183.73758341 0.0 2684.35262214 6474.12217988 1021.23454701 1951.1483798 1340.22274268 2962.04321373 1049.50893279 3357.91155333 4786.74377839 1925.71856718 1085.00921655 6435.22066444 421.379876121 1243.90755284 3618.80781474 
2141.2381932 2655.55436774 949.29447486 4222.12008356 1589.84024355 4430.30472993 3889.92917673 2657.92193264 2390.83019054 3598.08518521 1649.8678735 2170.89520705 1479.24980987 837.00955789 2286.77633362 1589.60435329 4990.61168596 3723.83941652 4710.09564659 2693.14555864 2174.59559459 1495.59118746 1147.84014566 3383.18577675 1163.60517359 3937.68371 4668.66683326 4043.21382071 1497.70658008 4297.95300114 3345.9793783 2509.42583074 2684.35262214 0.0 4696.65295716 3692.04022188 4635.44226585 2974.01613984 1980.79201331 1908.80538557 1123.1620542 2717.44457165 4564.75464839 3547.03848302 4829.70889392 2838.59577961 2139.28235631 1750.93146639 
6754.23496778 3122.58482671 5563.66003634 1426.01157078 3112.01944081 7909.41141932 7697.56454991 7303.78449846 6882.9634606 1101.73045705 5458.94907468 6002.06672739 4705.34302682 4592.56812688 6341.21951993 6277.60025806 8147.80755786 7564.82630336 8106.40055758 6028.94302511 4606.62663996 6177.80867298 5176.11166804 1715.73570226 4285.31119057 1374.4831756 7969.10490582 7722.4056485 3475.53103856 7678.43349909 7544.71397735 3401.05939378 6474.12217988 4696.65295716 0.0 7392.13054538 8096.40426362 7369.05319563 3514.86699606 6248.52502596 5378.77495346 2000.51443384 7737.08847048 7555.57575569 460.183658988 6828.35155803 5266.11887447 3012.48668047 
2382.11502661 6273.40306373 2915.05557408 7450.7216429 4681.21576089 768.531716977 331.04984519 2511.05754613 1926.06749622 6375.21732963 2131.74318341 1551.10186642 2771.78444328 3160.70118803 1418.80830277 3312.69995623 1451.13541753 285.511821121 1060.84494626 1365.51382271 2795.23254847 2905.02495686 2597.84718565 5698.16856543 3282.12278868 7133.99313148 1084.36571322 355.883407874 5070.65774826 734.401116557 1022.10224537 4030.96576517 1021.23454701 3692.04022188 7392.13054538 0.0 964.392036466 1541.73960188 3882.03503333 1912.39770968 4285.2642859 5771.85620056 1120.4570496 599.767454936 7321.56083086 901.264112233 2127.77113431 4607.08085451 
3305.89594513 7182.76172513 3877.7654648 8262.97991042 5532.70286569 206.118897727 899.089539479 3363.917062 2844.39729996 7120.71737959 3036.20766747 2471.6013028 3609.62283348 4059.07624959 2378.64856589 4260.57519591 608.047695498 1048.82076638 131.468627436 2129.83567441 3500.7023581 3860.58881519 3520.16164402 6383.9201906 4135.64432707 7943.95934028 305.0 652.561874461 5979.9787625 419.548566914 1807.07636806 4697.59395861 1951.1483798 4635.44226585 8096.40426362 964.392036466 0.0 2379.93718404 4628.17890752 2876.57452537 5249.64322597 6582.73438626 569.859631839 1379.40023198 7985.99179814 1865.05469089 2903.18755853 5431.07079681 
1028.9047575 5621.92467043 2034.5623608 7130.39199483 4351.56293761 2224.5116318 1483.08630902 984.228123963 610.669304943 6283.02673876 1957.75892285 1537.54674726 2720.20146313 2787.84522526 1133.46636474 2032.69525507 2948.1453492 1347.81897894 2502.20722563 1990.11381584 3118.95912125 1718.32389263 2193.87624993 5786.64894391 3085.98590405 6830.13418609 2580.15387138 1743.37890316 4469.94060363 2262.35364167 577.631370339 4280.57589583 1340.22274268 2974.01613984 7369.05319563 1541.73960188 2379.93718404 0.0 3951.54261017 1126.2868196 3196.94619911 5517.44515152 2657.36128518 1001.85527897 7394.62967295 950.38202845 2428.7949687 4379.42519059 
3529.28831353 3084.11445961 2481.9631343 3668.38288623 1251.33089149 4434.07453704 4184.0996642 4090.56010835 3542.10841167 2496.95494553 1996.49317555 2505.38639734 1231.79097253 1379.42741745 2866.72025144 3397.90067542 4751.64750376 4050.13641746 4651.10094494 2524.45637712 1135.60600562 3131.07808909 1832.98499721 1851.10804655 966.63229824 3348.7027339 4531.35090232 4217.38698722 2095.6092193 4215.89290661 4061.0965268 532.632143228 2962.04321373 1980.79201331 3514.86699606 3882.03503333 4628.17890752 3951.54261017 0.0 2872.10811078 3079.56522905 2011.52280623 4323.71553181 4045.82809818 3477.36753881 3327.04448422 1754.26394821 999.644936965 
824.313653896 4563.01095769 1026.93816756 6010.93470269 3226.57744367 2680.27946304 2048.11254574 1318.98635323 675.002962956 5159.71675579 930.940384772 790.043036802 1655.21781044 1662.01113113 553.244972865 1475.14473866 3330.46558307 1880.29412593 2971.91268378 1473.47107199 2172.48705405 1039.00192493 1073.02982251 4686.71740134 1972.88240907 5708.75266586 2975.31712595 2240.67311315 3387.39974021 2605.80160411 1437.57851959 3244.3144114 1049.50893279 1908.80538557 6248.52502596 1912.39770968 2876.57452537 1126.2868196 2872.10811078 0.0 2373.56714672 4391.62623637 2942.4100666 1658.75254333 6284.32987676 1011.66199889 1562.21797455 3253.72909137 
2187.00022862 2755.06878317 1394.87669706 4637.28983351 2425.57725088 5052.25227003 4414.24059154 2543.77357483 2589.32307756 4317.91732204 2512.85594494 2911.58118554 2549.31304472 1931.36066026 2884.76914154 1240.45354609 5686.63450558 4247.12008307 5343.21045814 3541.25203847 3267.78900788 1478.63315261 2053.18289492 4284.79462752 2284.90875091 4396.14103504 5338.34627951 4613.72051603 1910.05759075 4966.35127634 3692.49522681 3611.76203535 3357.91155333 1123.1620542 5378.77495346 4285.2642859 5249.64322597 3196.94619911 3079.56522905 2373.56714672 0.0 3385.38062853 5283.47480357 3996.79584167 5584.0774529 3385.15775112 3124.40778388 2663.95345305 
4819.39622774 1590.90225973 3616.9076571 1680.835804 1168.40960284 6383.19551635 6050.72375836 5357.46227238 4992.01161858 936.384536395 3700.28012453 4276.65114313 3000.8540451 2735.97733909 4568.89012781 4286.54651205 6745.46143714 5902.75842297 6616.15991342 4454.24741118 3135.20158842 4210.09572338 3339.73921138 1271.88403559 2506.76883657 1362.73621806 6508.5191096 6120.32425612 1500.36328934 6178.67825671 5762.24478827 2186.3067031 4786.74377839 2717.44457165 2000.51443384 5771.85620056 6582.73438626 5517.44515152 2011.52280623 4391.62623637 3385.38062853 0.0 6313.58820323 5836.99828679 2204.15176428 5094.08058436 3679.54915717 1168.15153127 
3488.98724561 7026.7012175 3890.77434452 7986.73932215 5312.0833013 549.604403185 1218.74443588 3631.03098307 3038.11125537 6794.60992258 2922.53195021 2402.36487653 3402.36697021 3914.16913278 2404.40117285 4389.62743294 436.790567664 1321.5918432 485.056697717 1922.14567606 3188.11997892 3968.19379567 3422.37490641 6021.35441574 3934.41965225 7666.90772085 286.400069832 954.381998992 5830.87111845 399.540986633 2114.66995061 4338.43992698 1925.71856718 4564.75464839 7737.08847048 1120.4570496 569.859631839 2657.36128518 4323.71553181 2942.4100666 5283.47480357 6313.58820323 0.0 1675.72103884 7602.27788232 1963.81389139 2661.18507436 5183.23238916 
1946.90035698 6185.67837832 2685.26832924 7501.60436173 4705.56627836 1223.01349134 481.274350033 1986.04556846 1485.4753448 6506.74334825 2136.90664279 1563.44363506 2859.37650546 3137.23206027 1288.16924354 2927.54231396 1947.67271378 354.132743473 1500.6615208 1640.90371442 3028.79117801 2552.47037201 2540.34426801 5891.7124845 3330.71959192 7189.5650077 1580.66947842 742.689706405 4993.1466031 1276.69025218 439.476961854 4264.5107574 1085.00921655 3547.03848302 7555.57575569 599.767454936 1379.40023198 1001.85527897 4045.82809818 1658.75254333 3996.79584167 5836.99828679 1675.72103884 0.0 7520.10438757 743.854824546 2324.07766652 4669.73286174 
6834.31818106 3471.20800299 5660.20352991 1876.19455281 3240.71103309 7804.17375511 7634.17114034 7390.36460535 6933.2694308 1267.88524717 5458.44886392 5982.24456204 4696.00042589 4646.42712199 6337.00386618 6418.83618735 8004.07802311 7507.84256628 7988.71034648 5956.11660396 4526.36476656 6289.08872572 5212.4617025 1628.44035813 4311.55714331 1797.53303169 7843.4350893 7643.2313847 3703.5508637 7566.62831121 7536.03675681 3295.58280127 6435.22066444 4829.70889392 460.183658988 7321.56083086 7985.99179814 7394.62967295 3477.36753881 6284.32987676 5584.0774529 2204.15176428 7602.27788232 7520.10438757 0.0 6804.38814296 5207.62412238 3101.11673434 
1541.72922396 5460.74765943 2022.99036083 6757.80585693 3961.74532246 1669.67841215 1053.32093875 1784.76581097 1111.73063284 5772.70828988 1393.80414693 826.755102796 2125.07929264 2394.95073018 554.707129934 2427.13328847 2333.85882178 886.24714386 1961.76578622 1070.17428487 2354.22004069 2011.00099453 1800.94003232 5177.27070955 2588.4823739 6445.8973774 1973.26632769 1230.81273962 4263.92647685 1608.16479255 762.566718393 3575.63812487 421.379876121 2838.59577961 6828.35155803 901.264112233 1865.05469089 950.38202845 3327.04448422 1011.66199889 3385.15775112 5094.08058436 1963.81389139 743.854824546 6804.38814296 0.0 1643.50509582 3927.24547234 
2378.53442271 4389.05547926 1866.16746301 5359.90158492 2650.96303256 2703.87296299 2431.52380206 2878.62814549 2195.33550967 4248.64802025 710.769301532 891.426385071 755.312518101 1350.57691377 1296.48332037 2748.27309414 3097.57195235 2301.07648721 2938.27057978 776.552638267 710.721464429 2335.15738228 1076.09107421 3580.26605157 1283.34718607 5040.99236262 2837.89023748 2464.44009868 3208.12530927 2500.67850793 2403.84046892 1940.56924638 1243.90755284 2139.28235631 5266.11887447 2127.77113431 2903.18755853 2428.7949687 1754.26394821 1562.21797455 3124.40778388 3679.54915717 2661.18507436 2324.07766652 5207.62412238 1643.50509582 0.0 2531.02745935 
3743.0792137 2087.27669464 2559.95566368 2843.78005479 303.784463066 5229.95994249 4883.60276845 4295.211287 3875.41920313 1913.99320793 2533.55895925 3108.68412676 1835.29643382 1591.71919634 3405.59201902 3336.40300324 5617.85617473 4735.04223846 5468.8794099 3301.25582165 2041.55063616 3188.46483437 2189.19528594 1638.22739569 1339.05040981 2527.68668945 5368.06790196 4956.79785749 1195.95652095 5031.33550859 4602.86486875 1380.96089735 3618.80781474 1750.93146639 3012.48668047 4607.08085451 5431.07079681 4379.42519059 999.644936965 3253.72909137 2663.95345305 1168.15153127 5183.23238916 4669.73286174 3101.11673434 3927.24547234 2531.02745935 0.0 
RBRBRBRBRBRBRBRBRBRBRBRBRBRBRBRBRBRBRBRBRBRBRBRB
