20
0 70 31 72 81 45 54 97 57 72 61 76 75 81 39 30 40 76 29 24 
70 0 76 97 84 47 56 74 33 23 60 56 90 24 84 70 88 17 90 24 
31 76 0 17 62 70 86 36 65 63 76 101 20 96 91 55 85 49 65 42 
72 97 17 0 81 38 62 78 98 101 18 70 82 33 31 15 48 55 50 48 
81 84 62 81 0 40 28 20 30 19 79 69 54 25 77 78 47 68 91 60 
45 47 70 38 40 0 75 65 56 85 50 54 60 67 82 90 65 17 28 74 
54 56 86 62 28 75 0 95 23 61 49 67 39 26 82 37 22 75 68 43 
97 74 36 78 20 65 95 0 36 51 55 42 95 36 46 31 16 36 42 15 
57 33 65 98 30 56 23 36 0 29 66 91 91 41 31 20 76 23 74 57 
72 23 63 101 19 85 61 51 29 0 98 78 70 96 58 93 15 66 19 71 
61 60 76 18 79 50 49 55 66 98 0 80 94 24 79 80 76 24 37 85 
76 56 101 70 69 54 67 42 91 78 80 0 29 47 37 69 90 48 59 80 
75 90 20 82 54 60 39 95 91 70 94 29 0 62 91 66 37 27 84 93 
81 24 96 33 25 67 26 36 41 96 24 47 62 0 98 47 49 97 50 92 
39 84 91 31 77 82 82 46 31 58 79 37 91 98 0 43 23 32 62 39 
30 70 55 15 78 90 37 31 20 93 80 69 66 47 43 0 84 93 101 39 
40 88 85 48 47 65 22 16 76 15 76 90 37 49 23 84 0 65 41 29 
76 17 49 55 68 17 75 36 23 66 24 48 27 97 32 93 65 0 78 87 
29 90 65 50 91 28 68 42 74 19 37 59 84 50 62 101 41 78 0 28 
24 24 42 48 60 74 43 15 57 71 85 80 93 92 39 39 29 87 28 0 
RBRBRBRBRBRBRBRBRBRB
