38
0.0 290.993015454 794.001831271 628.706289274 850.049434775 806.301016948 881.975909864 972.873183452 991.281194892 437.073758473 1237.91973374 1186.96788173 903.393172851 507.792691673 903.180764706 1178.84184129 1197.21931123 1201.2191073 1205.3779366 901.74468641 760.410092132 1032.28924178 943.221595162 1105.64002939 998.600005474 1011.25521387 1527.09196097 1338.9847283 1058.81927819 1205.63632634 1793.62557285 1337.9367894 1714.40563803 1740.60017754 1498.45358451 1852.35373049 1624.75194088 1858.09261272 
290.993015454 0.0 512.540979693 341.888012683 564.412476708 515.311506988 591.025694424 682.876803957 701.258258572 457.159193347 946.943476953 896.4363965 622.351778839 483.514432228 624.619958954 891.177480955 909.785472909 914.280176659 918.59212417 660.673408919 811.124997979 779.034914866 717.716993647 847.67018437 774.511118424 792.031475876 1253.13735978 1082.89338891 966.320352193 1045.97763763 1533.66843737 1192.8709686 1472.36865838 1496.3307423 1308.44323354 1598.94551098 1412.88752368 1649.18902517 
794.001831271 512.540979693 0.0 174.787536423 68.9655711207 167.352787216 182.239633789 299.639893131 312.282084455 882.961695117 492.022918423 463.568568456 370.982772777 866.290718744 391.357652393 503.100671932 521.808437445 530.939428284 536.247941048 591.74658949 1200.50945318 621.888884943 678.52952303 651.945979452 721.368131229 748.325359827 923.168042793 851.358562704 1154.16996284 1095.08805647 1245.57521217 1251.3462506 1252.08090102 1266.85087976 1251.66030426 1331.29480435 1288.37008374 1514.19696932 
628.706289274 341.888012683 174.787536423 0.0 222.538977235 199.758534931 266.304292627 376.011620757 393.280900711 713.57917933 620.559937754 577.994777044 375.431519441 702.702248633 388.582911017 592.445382657 611.688237585 618.527340609 623.450324716 535.345960577 1040.02764581 603.943970799 617.421269695 652.506900555 668.077325333 693.060439814 992.85251589 875.330914375 1040.06622995 1021.02302523 1301.12752074 1177.73149902 1279.46760629 1298.17849038 1216.94500723 1379.17052054 1279.00099658 1511.83711781 
850.049434775 564.412476708 68.9655711207 222.538977235 0.0 139.406009156 127.004053571 238.630416241 249.696941855 912.466799146 423.326463563 394.712417034 329.112458284 889.638981488 350.995181714 436.378566269 454.911484675 464.300697831 469.633471739 564.020277271 1219.61174403 580.091545117 650.909793384 603.92657304 690.177433529 717.486840061 857.656479445 795.153463987 1144.5265111 1068.24840507 1181.62139904 1223.49684057 1193.52840381 1207.41489495 1209.97418785 1268.51264109 1238.90950605 1462.21391796 
806.301016948 515.311506988 167.352787216 199.758534931 139.406009156 0.0 77.1762380273 176.353912315 193.821670934 808.471954945 431.653218016 383.205827506 205.564797014 776.964862934 225.010609119 392.723276935 411.960928096 418.769010455 423.694914873 426.931446777 1099.88351841 455.275055968 513.88358333 488.768946145 555.172798636 582.282053913 796.321289624 697.300177014 1005.75285881 931.160528631 1109.60689404 1086.92513542 1100.86877991 1117.49035609 1084.60617731 1190.80618634 1124.95932905 1352.83267628 
881.975909864 591.025694424 182.239633789 266.304292627 127.004053571 77.1762380273 0.0 119.258591248 133.883727909 881.5723324 356.784489495 311.723758071 206.552571343 847.269750802 229.296050318 331.825870259 351.004385687 358.967391191 364.120482621 451.167614962 1166.12733802 455.5864335 537.220857748 477.126817523 572.806186584 600.26013221 746.002784806 669.790163455 1047.94074348 953.128702352 1065.57421249 1107.10264055 1069.90191591 1084.61124796 1084.64485021 1150.15788447 1111.90545363 1335.44359174 
972.873183452 682.876803957 299.639893131 376.011620757 238.630416241 176.353912315 119.258591248 0.0 18.4194531159 926.364513083 273.085413876 215.212369734 154.470881151 882.045223253 176.444848674 216.453591268 235.702236825 242.767794417 247.767810213 403.765032041 1185.5882214 374.668543161 484.622959719 381.645329575 510.738746049 537.888782867 626.838393576 558.030956324 1016.03628389 890.410290263 946.537223639 1040.56605696 954.977561646 968.785342638 994.033295335 1031.68510653 1008.82601306 1228.37400489 
991.281194892 701.258258572 312.282084455 393.280900711 249.696941855 193.821670934 133.883727909 18.4194531159 0.0 943.16621302 255.228803572 196.852712911 165.204014445 898.161241394 186.383753167 199.470137172 218.721864166 226.091323841 231.153318635 411.658901194 1200.21482997 376.308943195 491.24477361 379.498766268 515.580728337 542.57453797 612.341352157 549.773975173 1024.74265836 894.274796555 933.320476178 1043.55005899 944.929119159 958.245687303 991.890589272 1019.21251408 1003.25833031 1221.40833656 
437.073758473 457.159193347 882.961695117 713.57917933 912.466799146 808.471954945 881.5723324 926.364513083 943.16621302 0.0 1195.77256235 1130.98627119 800.675787575 88.0595541679 789.193435551 1087.37783182 1102.35580471 1102.02629798 1104.67164445 678.097682637 354.818782681 819.277372045 681.088574455 897.032359647 726.452234922 728.679780561 1340.31517475 1106.64973621 635.244936663 826.022049171 1551.06750872 940.175016384 1431.77291649 1461.82192865 1140.66673265 1591.01932344 1292.18708596 1515.02609629 
1237.91973374 946.943476953 492.022918423 620.559937754 423.326463563 431.653218016 356.784489495 273.085413876 255.228803572 1195.77256235 0.0 69.9647787934 399.706881452 1147.49090071 415.353643416 158.801421379 159.692023425 169.979342027 172.781372596 610.8408599 1439.3845692 525.581743933 675.710605914 490.666427366 682.815398389 706.819969696 503.36412591 559.879419133 1214.24591263 1036.75377938 832.204251108 1172.69939674 899.899236146 904.461867751 1060.30095394 929.176007752 1024.8291374 1216.42186602 
1186.96788173 896.4363965 463.568568456 577.994777044 394.712417034 383.205827506 311.723758071 215.212369734 196.852712911 1130.98627119 69.9647787934 0.0 332.405377049 1081.1419804 347.219237267 97.9448280701 104.622993601 116.241555594 120.345389875 540.907393719 1370.59440523 457.693141475 606.291228986 426.037314499 614.42263485 638.732786321 488.553007928 513.432601753 1145.19733635 971.830201187 818.877367083 1109.80545783 870.823729297 877.779853777 1006.76738205 913.103205855 980.496505399 1179.0079636 
903.393172851 622.351778839 370.982772777 375.431519441 329.112458284 205.564797014 206.552571343 154.470881151 165.204014445 800.675787575 399.706881452 332.405377049 0.0 748.935263178 23.3481928877 289.114485643 305.45979161 306.875565766 310.25697714 252.162552817 1041.14125459 251.393909305 335.785907579 283.725326202 367.729622225 395.19139912 633.298320835 500.084009331 862.303140021 748.68855136 929.924474319 901.752481434 904.376967951 922.799825889 881.544508642 1005.3036898 919.493694495 1148.03053695 
507.792691673 483.514432228 866.290718744 702.702248633 889.638981488 776.964862934 847.269750802 882.045223253 898.161241394 88.0595541679 1147.49090071 1081.1419804 748.935263178 0.0 735.63527238 1031.91219891 1046.08801003 1045.01690414 1047.36624687 607.308020334 338.891725872 747.53550033 603.866099498 824.85483003 647.07346663 647.841203513 1267.38059843 1029.08943589 554.165026937 738.131607251 1470.34138144 853.697901915 1347.43695388 1377.75797035 1052.62331204 1508.2817784 1204.73638343 1427.11832682 
903.180764706 624.619958954 391.357652393 388.582911017 350.995181714 225.010609119 229.296050318 176.444848674 186.383753167 789.193435551 415.353643416 347.219237267 23.3481928877 735.63527238 0.0 298.481440445 314.058623882 314.643726997 317.722581609 229.013749965 1024.29775233 230.534983339 312.460526613 266.4666934 344.484787154 371.949464226 628.956354067 486.999104665 839.781871862 725.415335421 921.192980834 878.579158196 890.944897075 909.962201501 860.517034853 995.034800272 901.040825571 1130.43930895 
1178.84184129 891.177480955 503.100671932 592.445382657 436.378566269 392.723276935 331.825870259 216.453591268 199.470137172 1087.37783182 158.801421379 97.9448280701 289.114485643 1031.91219891 298.481440445 0.0 19.2530109879 27.9784869957 33.3379900451 466.012792491 1308.76834418 369.905393994 524.680629214 331.964072112 527.824118667 551.078968518 422.624621039 418.478842305 1060.51990037 878.00953206 750.145719539 1014.09533884 786.636172075 795.622922962 908.95861222 840.879461455 885.673422408 1087.88678099 
1197.21931123 909.785472909 521.808437445 611.688237585 454.911484675 411.960928096 351.004385687 235.702236825 218.721864166 1102.35580471 159.692023425 104.622993601 305.45979161 1046.08801003 314.058623882 19.2530109879 0.0 11.8276193822 16.6667 475.577931055 1320.55302489 375.162565915 531.984611405 333.618581274 533.179193727 555.919627945 404.901101269 408.940008633 1066.1093343 879.055190271 733.022294841 1013.51976684 772.526418994 780.982733733 903.107034423 824.297787652 876.096365845 1076.26544346 
1201.2191073 914.280176659 530.939428284 618.527340609 464.300697831 418.769010455 358.967391191 242.767794417 226.091323841 1102.02629798 169.979342027 116.241555594 306.875565766 1045.01690414 314.643726997 27.9784869957 11.8276193822 0.0 5.36476386806 471.179997172 1317.49727038 368.330162095 526.164071311 325.109990524 526.28918833 548.755164615 394.678571361 397.2360731 1059.21385796 870.088159546 722.387224895 1003.91880454 760.878935362 769.432376777 891.973157142 813.376040614 864.369182056 1064.43782445 
1205.3779366 918.59212417 536.247941048 623.450324716 469.633471739 423.694914873 364.120482621 247.767810213 231.153318635 1104.67164445 172.781372596 120.345389875 310.25697714 1047.36624687 317.722581609 33.3379900451 16.6667 5.36476386806 0.0 472.099633108 1318.98498662 368.011039555 526.359107325 323.801852781 525.905250227 548.212875973 389.313813501 393.088972415 1058.78870724 868.415452817 717.039547991 1001.80395232 755.860301532 764.337462956 888.574828147 808.06360397 860.161681651 1059.82834595 
901.74468641 660.673408919 591.74658949 535.345960577 564.020277271 426.931446777 451.167614962 403.765032041 411.658901194 678.097682637 610.8408599 540.907393719 252.162552817 607.308020334 229.013749965 466.012792491 475.577931055 471.179997172 472.099633108 0.0 850.931131649 141.400527572 86.9555477824 219.290478111 132.865190566 158.55360705 662.524002239 441.620595864 613.555661013 504.311053968 896.153983035 660.000218369 814.39140669 839.723813892 682.669991537 951.076545092 760.367025249 996.565026602 
760.410092132 811.124997979 1200.50945318 1040.02764581 1219.61174403 1099.88351841 1166.12733802 1185.5882214 1200.21482997 354.818782681 1439.3845692 1370.59440523 1041.14125459 338.891725872 1024.29775233 1308.76834418 1320.55302489 1317.49727038 1318.98498662 850.931131649 0.0 978.969135909 817.647954177 1050.63088022 844.300524742 834.804680224 1475.30595783 1217.48236604 496.494308709 774.208180715 1623.23118413 835.419110125 1467.21963904 1500.00523555 1094.38900911 1641.90519812 1273.03709181 1468.54522864 
1032.28924178 779.034914866 621.888884943 603.943970799 580.091545117 455.275055968 455.5864335 374.668543161 376.308943195 819.277372045 525.581743933 457.693141475 251.393909305 747.53550033 230.534983339 369.905393994 375.162565915 368.330162095 368.011039555 141.400527572 978.969135909 0.0 163.626441595 77.8932820524 158.019411079 181.289227905 521.154819459 306.695537902 690.947774393 521.728805588 761.523903863 668.225033268 694.70495914 717.79720276 630.150713694 821.352488195 675.443439125 907.900351408 
943.221595162 717.716993647 678.52952303 617.421269695 650.909793384 513.88358333 537.220857748 484.622959719 491.24477361 681.088574455 675.710605914 606.291228986 335.785907579 603.866099498 312.460526613 524.680629214 531.984611405 526.164071311 526.359107325 86.9555477824 817.647954177 163.626441595 0.0 232.983368505 56.7952100876 77.1486896908 667.073867678 425.581432351 539.691307921 417.370529921 872.933615071 573.058829629 772.877414058 800.201615655 605.425386468 919.848248471 695.452310233 931.895783989 
1105.64002939 847.67018437 651.945979452 652.506900555 603.92657304 488.768946145 477.126817523 381.645329575 379.498766268 897.032359647 490.666427366 426.037314499 283.725326202 824.85483003 266.4666934 331.964072112 333.618581274 325.109990524 323.801852781 219.290478111 1050.63088022 77.8932820524 232.983368505 0.0 214.142313401 232.226106028 443.318455445 235.223204769 741.031095735 546.096197796 688.197021442 684.426889971 632.050148058 653.455309258 612.45771779 751.278048539 636.485892074 864.305210974 
998.600005474 774.511118424 721.368131229 668.077325333 690.177433529 555.172798636 572.806186584 510.738746049 515.580728337 726.452234922 682.815398389 614.42263485 367.729622225 647.07346663 344.484787154 527.824118667 533.179193727 526.28918833 525.905250227 132.865190566 844.300524742 158.019411079 56.7952100876 214.142313401 0.0 27.4676288713 632.691375991 383.196642956 532.938509268 381.012639028 824.923592605 534.298090344 719.181875643 746.992520225 551.295893484 868.92955876 638.691847156 875.147269518 
1011.25521387 792.031475876 748.325359827 693.060439814 717.486840061 582.282053913 600.26013221 537.888782867 542.57453797 728.679780561 706.819969696 638.732786321 395.19139912 647.841203513 371.949464226 551.078968518 555.919627945 548.755164615 548.212875973 158.55360705 834.804680224 181.289227905 77.1486896908 232.226106028 27.4676288713 0.0 640.610498482 386.697373078 510.79376175 353.575455442 822.572185282 506.842530091 710.505857775 738.977124874 528.284761227 863.5975716 620.911203086 857.159629421 
1527.09196097 1253.13735978 923.168042793 992.85251589 857.656479445 796.321289624 746.002784806 626.838393576 612.341352157 1340.31517475 503.36412591 488.553007928 633.298320835 1267.38059843 628.956354067 422.624621039 404.901101269 394.678571361 389.313813501 662.524002239 1475.30595783 521.154819459 667.073867678 443.318455445 632.691375991 640.610498482 0.0 264.633508045 1099.13731632 834.146386108 330.346719017 921.065470153 415.060266716 412.918813038 709.440869673 425.907328651 605.267825878 752.115783845 
1338.9847283 1082.89338891 851.358562704 875.330914375 795.153463987 697.300177014 669.790163455 558.030956324 549.773975173 1106.64973621 559.879419133 513.432601753 500.084009331 1029.08943589 486.999104665 418.478842305 408.940008633 397.2360731 393.088972415 441.620595864 1217.48236604 306.695537902 425.581432351 235.223204769 383.196642956 386.697373078 264.633508045 0.0 834.921987193 576.270030288 455.038303163 676.962451591 404.340293305 422.970225676 508.751314834 516.057121922 467.222278604 674.013926313 
1058.81927819 966.320352193 1154.16996284 1040.06622995 1144.5265111 1005.75285881 1047.94074348 1016.03628389 1024.74265836 635.244936663 1214.24591263 1145.19733635 862.303140021 554.165026937 839.781871862 1060.51990037 1066.1093343 1059.21385796 1058.78870724 613.555661013 496.494308709 690.947774393 539.691307921 741.031095735 532.938509268 510.79376175 1099.13731632 834.921987193 0.0 296.300315954 1182.31257925 339.029539283 1005.83640836 1039.36904805 604.118644779 1185.53927143 788.676841016 974.225829829 
1205.63632634 1045.97763763 1095.08805647 1021.02302523 1068.24840507 931.160528631 953.128702352 890.410290263 894.274796555 826.022049171 1036.75377938 971.830201187 748.68855136 738.131607251 725.415335421 878.00953206 879.055190271 870.088159546 868.415452817 504.311053968 774.208180715 521.728805588 417.370529921 546.096197796 381.012639028 353.575455442 834.146386108 576.270030288 296.300315954 0.0 888.75637083 156.900242448 709.567837903 743.113688094 323.391133303 889.440453201 498.874197878 701.017841485 
1793.62557285 1533.66843737 1245.57521217 1301.12752074 1181.62139904 1109.60689404 1065.57421249 946.537223639 933.320476178 1551.06750872 832.204251108 818.877367083 929.924474319 1470.34138144 921.192980834 750.145719539 733.022294841 722.387224895 717.039547991 896.153983035 1623.23118413 761.523903863 872.933615071 688.197021442 824.923592605 822.572185282 330.346719017 455.038303163 1182.31257925 888.75637083 0.0 922.314707304 210.744050763 183.086127509 649.860069511 101.875255449 479.322540798 523.734378582 
1337.9367894 1192.8709686 1251.3462506 1177.73149902 1223.49684057 1086.92513542 1107.10264055 1040.56605696 1043.55005899 940.175016384 1172.69939674 1109.80545783 901.752481434 853.697901915 878.579158196 1014.09533884 1013.51976684 1003.91880454 1001.80395232 660.000218369 835.419110125 668.225033268 573.058829629 684.426889971 534.298090344 506.842530091 921.065470153 676.962451591 339.029539283 156.900242448 922.314707304 0.0 725.208079161 758.48219191 287.42220663 905.545728239 477.966777618 640.800280899 
1714.40563803 1472.36865838 1252.08090102 1279.46760629 1193.52840381 1100.86877991 1069.90191591 954.977561646 944.929119159 1431.77291649 899.899236146 870.823729297 904.376967951 1347.43695388 890.944897075 786.636172075 772.526418994 760.878935362 755.860301532 814.39140669 1467.21963904 694.70495914 772.877414058 632.050148058 719.181875643 710.505857775 415.060266716 404.340293305 1005.83640836 709.567837903 210.744050763 725.208079161 0.0 33.624904057 445.322485487 180.979182351 269.013098091 342.237831165 
1740.60017754 1496.3307423 1266.85087976 1298.17849038 1207.41489495 1117.49035609 1084.61124796 968.785342638 958.245687303 1461.82192865 904.461867751 877.779853777 922.799825889 1377.75797035 909.962201501 795.622922962 780.982733733 769.432376777 764.337462956 839.723813892 1500.00523555 717.79720276 800.201615655 653.455309258 746.992520225 738.977124874 412.918813038 422.970225676 1039.36904805 743.113688094 183.086127509 758.48219191 33.624904057 0.0 477.87113823 147.413877012 299.349734589 354.852344567 
1498.45358451 1308.44323354 1251.66030426 1216.94500723 1209.97418785 1084.60617731 1084.64485021 994.033295335 991.890589272 1140.66673265 1060.30095394 1006.76738205 881.544508642 1052.62331204 860.517034853 908.95861222 903.107034423 891.973157142 888.574828147 682.669991537 1094.38900911 630.150713694 605.425386468 612.45771779 551.295893484 528.284761227 709.440869673 508.751314834 604.118644779 323.391133303 649.860069511 287.42220663 445.322485487 477.87113823 0.0 623.488014666 190.545264785 377.782735 
1852.35373049 1598.94551098 1331.29480435 1379.17052054 1268.51264109 1190.80618634 1150.15788447 1031.68510653 1019.21251408 1591.01932344 929.176007752 913.103205855 1005.3036898 1508.2817784 995.034800272 840.879461455 824.297787652 813.376040614 808.06360397 951.076545092 1641.90519812 821.352488195 919.848248471 751.278048539 868.92955876 863.5975716 425.907328651 516.057121922 1185.53927143 889.440453201 101.875255449 905.545728239 180.979182351 147.413877012 623.488014666 0.0 440.559079529 444.22745405 
1624.75194088 1412.88752368 1288.37008374 1279.00099658 1238.90950605 1124.95932905 1111.90545363 1008.82601306 1003.25833031 1292.18708596 1024.8291374 980.496505399 919.493694495 1204.73638343 901.040825571 885.673422408 876.096365845 864.369182056 860.161681651 760.367025249 1273.03709181 675.443439125 695.452310233 636.485892074 638.691847156 620.911203086 605.267825878 467.222278604 788.676841016 498.874197878 479.322540798 477.966777618 269.013098091 299.349734589 190.545264785 440.559079529 0.0 236.489182641 
1858.09261272 1649.18902517 1514.19696932 1511.83711781 1462.21391796 1352.83267628 1335.44359174 1228.37400489 1221.40833656 1515.02609629 1216.42186602 1179.0079636 1148.03053695 1427.11832682 1130.43930895 1087.88678099 1076.26544346 1064.43782445 1059.82834595 996.565026602 1468.54522864 907.900351408 931.895783989 864.305210974 875.147269518 857.159629421 752.115783845 674.013926313 974.225829829 701.017841485 523.734378582 640.800280899 342.237831165 354.852344567 377.782735 444.22745405 236.489182641 0.0 
RBRBRBRBRBRBRBRBRBRBRBRBRBRBRBRBRBRBRB
