37 19 7 9 47 1 11 22 6 18 31 13 34 15 46 3 4 43 25 21 12 27 38 10 45 50 20 49 41 42 30 32 16 40 48 8 29 44 39 36 35 23 24 17 33 14 5 28 2 26
37 24 40 14 50 9 26 19 36 8 38 7 33 12 34 21 28 6 29 10 43 13 35 15 45 3 27 25 39 2 31 16 44 18 47 4 46 11 48 20 32 17 42 1 22 49 23 41 5 30
19 1 17 43 2 27 4 40 3 44 23 38 12 35 24 41 14 32 25 28 6 47 26 46 11 50 21 42 22 30 5 29 7 31 13 36 8 33 10 45 16 39 15 49 9 37 18 48 20 34
10 42 20 30 38 21 29 11 15 50 36 43 23 22 26 45 48 17 13 31 8 35 5 12 44 24 1 33 14 2 6 25 3 49 39 46 37 47 40 41 27 9 19 16 34 7 32 4 18 28
45 9 18 44 50 25 2 39 33 16 38 41 23 49 47 19 34 30 46 29 26 48 31 35 1 6 27 14 20 17 4 24 32 40 15 7 43 28 21 42 13 5 8 12 22 10 11 3 36 37
10 11 9 2 1 13 16 14 6 5 4 15 12 8 3 7
39 26 14 30 29 40 7 19 12 42 41 28 5 21 20 36 22 1 4 27 15 16 6 44 35 50 2 17 11 43 32 49 3 38 37 10 8 48 45 47 13 24 23 31 18 25 33 46 9 34
6 28 10 20 39 47 2 50 4 37 12 17 26 38 11 48 40 22 45 19 24 33 7 15 13 3 46 41 18 9 36 16 29 5 43 14 34 23 49 21 1 25 42 32 8 44 27 31 30 35
3 4 5 6 7 8 9 10 11 12 13 14 15 16 17 18 19 20 21 22 23 24 25 26 27 28 29 1 2 30
45 43 44 36 48 27 35 30 41 31 39 38 42 33 34 28 29 32 21 24 23 26 19 20 17 18 8 7 9 15 14 6 5 10 13 4 16 2 11 12 3 1 25 22 40 37 49 46 47 50
2 1 4 3 6 5 8 7
20 2 26 42 30 48 9 47 34 46 1 41 40 24 5 36 27 18 23 32 33 11 13 19 21 12 14 7 43 50 39 22 37 10 17 49 45 38 44 28 35 8 29 25 31 16 6 15 4 3
11 40 36 22 20 8 47 17 28 37 48 4 35 46 24 7 5 31 15 50 29 23 21 49 33 16 26 13 14 34 1 12 27 19 3 38 43 32 6 45 9 39 41 10 44 42 30 25 2 18
32 46 28 5 13 24 47 33 39 34 3 17 7 12 29 27 30 31 35 8 1 9 15 44 26 48 23 49 41 42 25 36 2 11 19 22 6 14 50 45 18 20 10 16 4 38 37 43 40 21
47 42 41 14 7 17 34 43 2 4 36 37 11 9 32 12 38 5 15 39 25 30 23 31 49 6 50 19 1 24 46 45 8 3 44 27 13 20 22 10 48 21 26 16 18 28 29 40 35 33
2 25 50 39 35 17 42 19 14 23 45 29 32 24 48 40 43 10 26 1 44 37 30 5 7 11 27 31 47 12 22 13 41 20 18 34 9 28 4 15 3 46 21 6 38 36 33 8 16 49
26 38 1 29 47 4 42 9 50 31 40 36 2 15 32 3 25 12 14 7 41 19 30 23 16 24 46 11 21 48 20 33 17 45 10 27 35 44 37 5 22 8 18 43 39 28 49 34 13 6
30 29 17 18 19 20 16 15 22 21 9 10 11 12 8 7 14 13 1 2 3 4 48 47 6 5 41 42 43 44 40 39 46 45 33 34 35 36 32 31 38 37 25 26 27 28 24 23
4 3 5 2 6 1
25 26 38 21 17 49 50 27 42 22 46 9 11 43 28 48 32 2 16 8 18 40 47 20 23 31 6 1 30 13 29 12 33 34 45 44 19 37 10 36 15 39 4 41 14 5 3 35 7 24
10 12 5 40 43 16 46 15 36 47 17 25 32 29 18 6 33 27 20 48 37 7 49 22 8 39 2 23 30 38 24 34 19 42 35 28 21 31 9 14 44 1 3 26 41 45 11 13 50 4
5 23 7 34 6 32 17 12 2 44 9 42 3 16 10 4 43 25 31 15 14 29 24 40 22 13 11 26 38 20 27 33 18 36 19 28 21 41 1 39 30 37 8 35
50 49 48 47 46 45 44 43 42 41 40 39 38 37 36 35 34 33 32 31 30 29 28 27 26 25 24 23 22 21 20 19 18 17 16 15 14 13 12 11 10 9 8 7 6 5 4 3 2 1
23 10 5 25 2 15 6 12 21 22 18 20 14 13 17 4 1 7 24 26 9 19 11 8 3 16
14 10 12 13 5 17 2 18 20 1 3 15 6 8 16 19 11 4 9 7
22 16 20 28 10 12 21 17 48 25 13 5 33 38 45 30 49 35 19 40 1 23 36 32 3 2 29 8 42 18 6 11 50 7 43 44 9 37 46 4 47 24 15 31 14 34 26 39 27 41
40 3 15 46 10 18 26 6 9 48 49 28 14 25 33 31 12 7 45 32 16 44 43 47 5 8 13 2 20 24 11 29 1 22 39 19 50 35 30 27 42 38 23 17 41 4 34 37 21 36
9 27 39 24 42 23 28 13 14 35 38 21 45 43 25 34 32 30 6 41 16 49 1 4 22 12 19 37 44 46 15 26 17 36 33 2 48 47 5 18 40 20 3 11 31 10 7 8 29 50
50 48 35 32 1 18 21 44 16 11 34 3 2 41 13 27 15 30 9 46 14 43 45 31 6 39 10 29 7 5 38 22 47 8 42 23 4 36 25 17 49 12 28 33 40 19 24 37 20 26
5 2 6 46 29 25 35 8 22 12 23 50 24 49 40 31 16 30 15 47 42 48 45 11 43 28 20 14 33 19 27 38 41 7 39 37 44 21 10 18 13 34 1 26 32 36 17 9 3 4
32 20 24 27 39 17 48 28 41 22 38 4 1 33 46 23 47 30 36 49 45 34 11 50 13 8 35 44 25 43 15 26 42 2 40 6 10 18 21 31 9 14 7 16 3 12 37 29 5 19
47 46 27 26 25 28 29 32 31 30 22 23 24 21 20 17 18 19 11 10 9 12 13 16 15 14 38 39 40 37 36 33 34 35 43 42 41 44 45 48 1 4 6 7 8 5 3 2
10 35 12 27 29 4 1 23 5 44 13 22 32 42 43 41 26 30 49 38 16 25 34 39 17 33 45 3 14 15 2 50 46 19 37 7 36 8 31 9 40 6 48 20 47 11 18 24 21 28
13 21 24 3 34 25 43 32 50 18 38 9 19 35 26 7 44 4 27 28 20 48 8 6 33 41 1 45 15 30 36 31 2 17 23 47 14 22 49 29 16 39 5 46 37 12 11 10 42 40
22 8 4 29 32 41 26 35 39 11 50 7 16 21 28 48 10 31 46 20 45 6 25 15 34 14 38 17 5 27 44 19 43 40 13 47 18 33 9 23 24 42 1 30 49 37 3 2 12 36
44 48 47 42 41 45 46 11 12 16 15 10 9 13 14 35 34 33 37 36 40 39 38 19 18 17 21 20 24 23 22 43 30 29 25 26 31 32 28 27 6 7 8 4 3 2 1 5
21 44 45 17 50 41 26 31 20 33 37 35 29 36 43 32 22 40 48 19 27 25 34 18 39 28 16 24 30 49 42 38 23 47 46 14 10 11 15 8 7 6 12 1 13 5 3 4 9 2
1 2 3 6 7 4 5 10 9 8 11 12 13 16 18 19 17 15 14 20 21 22 23 26 28 29 27 25 24 30
34 30 43 17 7 19 37 26 32 9 8 15 49 45 31 24 22 5 33 48 50 18 21 6 38 44 40 14 10 20 28 39 27 3 1 4 29 46 41 23 13 12 35 36 42 2 47 11 25 16
31 30 20 35 1 4 11 9 29 34 48 5 2 41 3 40 10 26 24 6 42 14 50 21 7 36 46 47 37 32 43 23 27 8 13 12 22 44 15 16 33 18 19 28 25 39 38 17 45 49
43 46 26 30 5 14 6 40 33 36 34 18 13 16 2 12 7 42 8 24 9 10 22 4 3 38 23 32 31 15 37 48 41 47 35 44 39 45 21 50 29 27 11 28 19 49 1 20 17 25
18 22 29 45 39 27 5 17 31 23 19 7 50 32 49 15 44 34 47 21 3 33 20 40 35 30 24 4 42 43 10 25 2 12 38 14 11 36 9 48 16 13 41 26 6 1 28 8 46 37
20 1 43 16 27 17 30 50 25 15 47 26 2 36 12 29 49 5 40 45 46 7 11 41 23 6 19 32 39 8 3 4 44 22 28 38 48 34 42 10 37 35 18 13 33 31 9 14 24 21
2 1 5 8 10 7 3 6 4 9
38 33 35 15 12 14 44 41 43 19 11 16 40 32 37 10 2 8 39 31 36 7 1 6 28 23 27 21 29 22 25 26 24 30 49 50 17 13 18 45 42 46 5 3 4 47 48 34 20 9
48 24 18 40 38 39 14 1 11 5 43 50 32 30 37 26 27 3 49 13 34 9 12 22 17 10 2 19 33 45 47 46 23 35 25 31 36 4 21 28 41 29 16 42 15 6 8 44 20 7
11 38 27 15 47 34 18 9 28 33 4 42 17 23 13 35 48 46 30 24 39 20 43 50 29 49 10 45 14 16 26 25 5 21 41 44 22 8 6 36 3 2 31 7 37 12 40 19 1 32
28 31 1 30 23 40 21 37 48 50 29 22 24 4 19 38 3 8 46 9 39 20 34 43 33 10 5 26 44 49 45 6 32 2 42 7 36 41 47 25 35 11 27 18 12 13 14 15 16 17
16 43 47 25 7 26 38 32 13 33 45 21 1 40 48 17 9 18 3 27 6 20 10 34 22 23 41 35 39 24 42 37 46 36 14 28 44 30 12 11 31 29 5 49 50 15 8 19 2 4
7 5 40 6 34 46 14 45 16 26 41 49 32 39 27 25 22 31 36 48 30 44 28 8 23 37 35 10 15 21 2 17 42 1 4 11 29 12 38 24 50 33 20 19 43 13 47 3 9 18
15 25 42 20 6 35 38 49 21 4 5 12 36 30 7 27 1 43 50 28 16 34 41 29 32 45 47 3 40 11 39 9 10 31 46 2 14 18 17 44 33 19 13 24 23 26 8 22 48 37
13 21 39 26 11 19 14 6 33 5 45 12 9 27 49 30 2 34 22 41 31 17 46 10 25 7 40 8 28 36 24 4 50 48 20 18 42 44 43 16 29 47 38 1 15 23 32 37 35 3
9 40 7 23 41 18 26 14 1 16 42 8 19 11 5 31 47 2 32 15 4 36 39 25 10 12 17 27 34 38 13 20 24 48 22 6 28 37 33 44 49 45 30 50 3 29 35 46 43 21
11 15 19 22 5 1 7 17 16 9 21 4 8 2 12 18 6 20 13 3 14 10
34 33 37 36 40 39 38 11 10 9 13 12 16 15 14 35 27 26 25 29 28 32 31 30 46 47 48 44 45 41 42 43 22 23 24 20 21 17 18 19 6 7 8 4 3 2 1 5
42 18 17 33 38 19 22 34 25 4 13 10 23 45 32 20 24 37 27 40 43 49 16 31 50 41 46 26 12 5 36 44 48 30 39 3 6 15 8 47 11 9 1 35 7 28 14 21 29 2
4 3 1 2
3 4 2 8 5 9 10 1 7 6
50 49 43 42 41 46 47 48 44 45 40 39 33 32 31 36 37 38 34 35 30 29 23 22 21 26 27 28 24 25 20 19 13 12 11 16 17 18 14 15 10 9 3 2 1 6 7 8 4 5
29 18 6 12 43 40 26 8 7 37 46 24 3 31 47 41 35 17 23 2 33 42 11 39 10 16 22 25 20 36 30 45 4 48 38 32 28 34 13 15 14 27 21 44 5 19 49 1 9 50
38 16 27 37 48 14 29 26 34 2 5 25 12 7 30 6 44 35 23 8 43 21 13 3 31 15 42 36 33 46 45 1 49 18 9 10 32 50 19 39 17 4 20 11 47 40 41 24 28 22
49 47 32 8 18 42 41 36 12 17 2 26 45 30 6 25 10 34 37 40 16 22 46 28 4 13 14 38 33 31 15 9 5 35 48 24 21 19 50 29 44 20 3 1 27 43 39 11 23 7
20 1 44 15 34 47 48 27 5 9 10 29 31 21 28 19 3 22 50 46 38 32 39 37 25 13 24 8 26 4 2 43 23 49 7 18 17 41 40 36 35 45 14 6 33 11 30 12 42 16
4 2 1 3
44 15 38 25 40 28 45 17 12 11 36 35 46 23 21 47 14 31 4 43 20 32 13 24 50 3 42 9 1 26 33 22 10 6 48 5 34 39 7 19 8 30 49 37 16 18 2 41 29 27
1 2 3 4 5 6 7 8 9 10 11 12 13 14 15 16 17 18 19 20 21 22 23 24 25 26 50 49 48 47 46 27 28 29 30 31 32 33 34 35 36 37 45 44 43 42 41 40 39 38
14 27 30 20 24 1 34 26 18 31 9 22 23 13 6 16 19 21 25 17 15 4 3 11 32 35 5 28 12 7 38 36 39 2 10 40 37 8 33 29
5 1 31 2 4 6 3 7 9 8 10 12 11 13 15 14 16 18 17 19 21 20 22 24 23 25 27 26 28 30 29 33 35 32 34 36 37 39 41 38 40 42 43 45 47 44 46 50 49 48
10 45 18 49 39 33 50 13 24 32 31 37 26 25 35 38 1 47 15 9 11 40 3 43 30 23 17 36 8 12 7 29 22 41 14 21 48 5 16 27 20 2 19 46 34 4 6 42 28 44
44 28 3 22 35 10 33 8 48 40 46 17 1 30 19 14 45 13 11 18 32 49 36 50 31 38 4 2 23 37 39 21 12 25 24 34 9 43 20 47 29 41 42 15 7 6 27 16 5 26
9 3 10 7 2 5 8 1 6 4
2 3 4 50 33 29 30 31 32 36 35 34 41 37 38 39 40 44 43 42 49 45 46 47 48 1 25 21 22 23 24 28 27 26 18 19 20 16 15 14 13 17 10 11 12 8 7 6 5 9
5 50 29 46 36 31 45 16 32 12 11 49 37 25 30 15 21 18 22 14 47 17 24 38 28 40 7 13 43 3 6 34 23 9 33 39 19 42 41 8 10 4 20 35 48 44 1 26 2 27
5 1 2 3 4 8 7 6 11 10 9 13 12 16 15 14 43 42 41 45 44 48 47 46 19 18 17 21 20 24 23 22 30 35 34 33 37 36 40 39 38 27 26 25 29 28 32 31
9 4 3 1 6 5 7 17 16 14 8 15 12 11 2 18 13 10
21 5 11 28 1 2 25 27 8 14 16 19 4 17 23 15 22 24 18 13 10 26 3 9 6 12 20 7
8 37 13 29 12 5 26 4 2 23 32 22 3 15 1 18 40 35 16 17 9 39 24 6 27 34 33 7 10 31 28 38 25 36 19 30 11 21 14 20
33 16 14 20 8 39 47 3 26 42 44 4 5 46 7 30 38 6 28 35 32 21 31 23 37 49 43 17 9 18 15 27 41 50 29 34 1 25 40 48 22 13 12 11 2 45 19 36 10 24
13 47 9 40 29 16 48 25 44 4 41 15 8 37 1 21 11 32 43 3 10 34 35 5 30 17 49 7 39 19 22 12 50 42 26 27 45 38 46 14 33 24 36 31 18 6 2 20 28 23
12 1 2 4 6 5 8 37 10 14 16 3 20 18 22 9 32 24 26 7 34 28 36 11 38 43 30 40 17 13 48 15 19 23 46 21 25 29 42 27 31 33 44 35 39 41 50 45 47 49
34 35 46 5 24 14 33 38 50 1 11 3 27 49 37 18 25 8 44 48 28 15 7 10 32 31 39 12 16 13 36 43 30 2 6 21 47 29 45 20 19 4 42 40 26 9 17 23 41 22
11 10 40 4 7 41 48 18 38 49 24 9 44 2 28 12 13 35 3 37 29 23 22 25 33 14 20 26 42 8 47 36 46 15 19 50 30 1 43 21 5 31 39 6 45 17 16 32 34 27
29 40 2 12 11 16 8 24 7 34 20 48 9 18 22 32 25 30 10 36 19 38 6 14 3 33 44 4 1 23 31 42 5 35 21 46 37 47 15 26 17 45 43 50 49 13 28 27 41 39
20 40 11 47 38 39 8 9 6 44 17 29 21 42 27 15 26 46 12 49 24 16 1 28 33 32 3 4 45 23 48 5 18 35 7 30 43 10 22 13 50 2 14 37 31 41 25 19 34 36
47 30 16 27 36 5 9 24 18 35 29 25 32 17 34 40 46 23 14 20 33 38 39 19 13 26 12 42 10 49 50 48 31 2 8 6 3 21 43 41 44 22 45 11 7 28 37 1 4 15
30 1 20 2 18 9 8 22 4 11 10 24 6 5 26 14 7 15 12 13 3 17 16 19 29 25 28 21 23 27
5 4 8 7 6 50 2 3 9 10 15 14 18 17 16 11 12 13 19 20 25 24 28 27 26 21 22 23 29 30 35 34 38 37 36 31 32 33 39 40 45 44 48 47 46 41 42 43 49 1
28 11 27 22 42 17 30 16 44 33 25 21 6 19 48 4 40 43 8 37 35 14 47 49 7 41 2 32 45 34 24 1 31 5 15 29 50 23 38 3 10 18 36 46 9 12 26 13 20 39
4 3 1 6 5 2
21 41 20 7 37 4 16 40 17 31 24 11 1 44 29 30 32 22 2 39 42 47 19 48 33 13 46 28 26 15 43 6 38 27 9 10 5 50 18 36 34 14 12 8 23 45 25 49 35 3
28 5 11 41 1 29 46 17 15 27 18 24 30 9 45 32 13 6 22 42 43 36 49 23 8 14 3 38 50 25 40 35 16 48 47 21 39 19 2 31 44 34 33 26 4 7 37 12 10 20
10 1 17 26 18 16 2 3 6 19 20 14 21 24 12 32 4 23 31 29 5 9 8 27 22 7 25 13 11 15 30 28
28 10 23 3 33 24 7 2 21 20 22 43 17 5 32 26 8 12 35 4 11 41 27 19 1 38 6 18 46 29 16 36 9 14 47 49 39 30 44 48 37 13 25 50 34 15 45 40 42 31
3 2 1 5 4 7 8 6
44 17 41 13 5 26 11 15 6 7 18 49 25 35 37 23 2 47 8 50 48 36 38 28 22 24 32 39 3 21 14 10 31 1 20 40 4 33 27 45 30 34 42 46 16 19 9 12 29 43
27 49 21 45 40 17 50 38 28 19 4 37 10 33 14 16 29 46 8 43 31 12 26 13 18 9 48 41 15 20 30 6 1 39 3 2 35 44 5 7 32 24 36 47 34 23 22 42 25 11
22 47 13 32 16 46 37 38 17 3 33 11 7 30 44 5 48 2 26 14 10 43 15 35 18 6 25 39 20 4 23 34 50 29 31 21 40 19 8 1 45 9 49 41 42 12 28 24 27 36
18 36 15 23 1 25 3 24 2 46 20 31 37 50 9 21 13 7 17 12 49 47 19 26 28 10 40 27 4 30 6 39 34 33 43 29 5 14 45 8 11 22 16 35 38 32 41 44 42 48
1 2 3 16 15 6 7 8 9 11 10 5 4 12 13 14
1 6 5 8 3 4 7 2 10 9
1 2 3 8 7 6 4 5
8 6 4 3 7 2 1 5 10 9
26 39 3 25 10 28 20 16 27 4 9 21 8 14 5 19 2 45 24 46 34 30 13 44 17 48 12 42 32 40 15 47 37 35 43 29 22 41 23 1 7 6 38 31 11 33 36 18
4 36 9 40 2 37 1 26 43 49 24 3 13 11 44 32 35 15 39 34 33 21 20 8 18 45 5 16 7 41 42 28 19 25 31 48 17 50 14 10 6 27 30 38 12 23 46 22 47 29
42 39 40 37 35 33 30 27 24 21 20 18 17 14 12 10 8 6 3 4 1 2 5 7 9 11 13 15 16 19 22 23 25 26 28 29 31 32 34 36 38 41 43 46 49 47 44 45 48 50
49 50 41 43 44 9 42 40 48 45 11 13 19 7 12 20 1 21 26 6 15 30 39 4 2 35 17 8 47 25 16 24 36 33 46 3 22 32 28 27 34 5 10 23 37 14 18 31 38 29
16 45 28 14 48 3 17 24 31 40 9 10 19 11 13 42 44 18 27 35 47 46 7 41 5 12 22 43 39 2 38 1 30 32 6 23 49 21 36 34 4 29 37 8 26 25 33 15 20 50
3 34 5 17 49 40 25 15 10 13 48 6 20 19 41 38 8 21 27 43 24 29 44 37 47 50 26 30 12 28 39 35 4 9 31 33 46 32 42 7 45 22 14 11 18 23 16 36 1 2
5 10 2 22 19 13 7 3 8 17 18 20 9 1 21 15 12 4 11 6 14 16
35 34 37 33 40 38 31 39 36 32 46 49 50 43 48 44 42 47 41 45 20 18 14 19 12 17 16 15 13 11 30 10 8 9 2 3 7 5 4 6 1 21 27 24 26 29 23 28 25 22
3 2 6 1 5 4
15 16 13 12 9 10 11 19 18 17 20 21 24 23 22 14 6 7 8 5 4 1 2 3
7 12 20 6 26 25 32 41 46 31 34 17 18 5 11 1 14 47 39 27 37 42 29 19 36 30 33 23 40 38 50 49 43 45 44 48 22 21 24 13 35 16 28 8 9 2 4 10 3 15
33 36 48 42 37 35 44 46 43 32 27 38 31 39 29 30 41 47 49 34 50 26 25 1 24 16 2 9 4 18 6 5 22 10 14 13 8 20 11 17 12 23 15 21 7 3 19 45 40 28
38 31 14 37 40 17 39 24 12 28 20 47 13 21 18 16 11 32 10 29 1 5 3 49 4 34 27 6 46 8 33 48 2 30 23 45 50 9 42 26 19 44 35 25 22 15 7 41 36 43
19 3 32 15 10 39 8 41 12 25 44 30 47 17 13 45 27 31 7 14 23 33 9 11 40 2 34 35 26 22 36 43 18 24 48 20 16 49 46 4 38 37 42 50 5 29 21 28 1 6
10 17 11 1 9 8 5 18 14 15 13 19 20 12 3 4 2 16 7 6
21 48 28 29 5 26 27 31 35 34 13 41 38 40 23 44 43 42 3 45 17 22 47 18 11 20 9 4 12 16 15 14 19 46 36 30 10 25 39 32 37 6 2 1 24 33 8 7
10 43 38 7 27 17 23 5 41 6 44 48 34 47 30 20 46 14 26 24 40 12 33 3 39 25 4 1 16 32 2 36 15 22 19 21 28 35 8 37 29 9 31 50 42 45 13 49 18 11
8 12 41 13 27 7 24 35 21 47 48 5 31 4 50 25 45 28 37 32 30 16 18 36 29 11 34 15 49 42 14 39 17 3 6 46 10 23 44 2 19 33 20 22 43 40 26 9 38 1
31 35 49 2 38 44 10 8 24 3 28 11 16 34 23 22 9 27 7 32 30 33 36 20 18 45 25 43 29 5 37 47 42 26 13 19 4 15 50 21 40 48 17 1 46 39 41 14 6 12
21 18 25 34 10 24 39 28 23 17 11 2 15 37 20 14 27 8 31 36 7 26 19 5 16 12 33 30 22 29 3 32 4 1 13 35 9 40 6 38
29 10 39 28 36 30 25 32 8 1 31 14 17 2 9 43 38 19 24 50 27 23 44 42 21 18 22 48 13 47 46 12 33 7 35 49 6 4 40 3 5 11 16 26 34 37 15 45 20 41
38 23 36 1 29 31 6 26 3 47 46 27 49 35 32 15 34 4 19 50 42 44 14 16 33 43 17 48 13 40 22 12 18 39 5 11 7 24 28 37 8 2 21 30 41 9 20 25 10 45
11 19 22 31 35 8 1 9 15 44 26 48 29 27 30 21 40 43 37 38 4 16 10 20 18 45 50 14 6 17 7 12 2 36 25 42 41 49 23 47 33 39 34 3 24 13 5 28 46 32
43 35 5 16 28 38 49 29 25 8 30 32 33 9 15 46 44 14 27 21 7 2 48 50 31 19 11 10 34 18 39 47 41 24 12 20 45 4 36 13 23 17 42 40 22 1 3 37 6 26
20 45 29 10 21 22 30 42 18 4 3 49 2 14 35 1 24 47 12 40 36 43 28 5 26 38 9 39 25 41 7 48 6 31 11 15 33 27 37 44 50 17 46 23 19 13 8 34 16 32
1 8 7 6 2 3 4 5 41 48 47 46 42 43 44 45 29 28 27 26 30 31 32 25 17 9 16 15 14 10 11 12 13 37 36 35 34 38 39 40 33 21 20 19 18 22 23 24
29 26 28 13 12 14 27 30 31 1 32 46 33 2 34 35 38 3 36 39 37 18 40 42 47 4 41 43 5 6 45 9 10 7 44 11 8 15 48 16 19 17 49 20 21 22 50 23 24 25
37 17 42 11 30 9 1 45 40 21 32 20 12 16 38 48 4 2 36 43 22 6 23 31 24 15 47 26 7 50 5 13 33 44 41 3 46 28 19 34 14 10 27 49 18 29 39 35 8 25
4 15 13 28 2 46 25 22 49 29 10 1 30 3 23 7 39 20 6 24 44 31 38 26 11 5 19 12 14 48 21 47 34 32 43 36 9 27 8 50 16 42 17 33 45 40 37 18 35 41
45 15 11 26 31 41 5 1 20 8 10 21 36 14 28 46 39 34 29 4 40 9 35 19 13 7 23 22 37 44 43 48 49 6 2 16 12 27 33 47 30 25 32 38 50 3 42 18 24 17
33 34 21 37 1 31 49 23 26 2 46 16 25 30 20 10 14 4 9 38 41 7 5 50 42 11 27 48 18 32 12 40 13 39 17 36 47 29 3 35 43 15 22 6 44 19 45 24 28 8
16 20 15 4 6 5 13 18 19 10 7 3 17 12 14 9 11 8 1 2
45 46 47 12 13 14 35 17 16 15 36 37 38 18 19 20 39 40 41 21 22 23 42 43 44 24 25 26 27 28 6 7 8 29 30 31 9 10 11 32 33 34 2 1 50 49 48 3 4 5
44 50 49 10 11 12 35 21 20 19 29 37 36 15 30 31 32 3 4 5 40 39 14 41 47 48 2 1 42 43 18 17 16 34 33 7 6 22 28 27 26 25 24 23 38 45 46 8 9 13
43 38 11 35 32 23 19 24 50 39 49 8 18 13 34 14 17 2 42 29 22 12 21 36 26 31 7 25 37 27 48 10 15 33 30 5 41 40 45 16 4 47 44 9 3 46 28 6 20 1
18 13 46 39 17 40 3 8 2 4 15 14 24 48 37 34 1 9 16 32 28 43 30 21 23 7 10 50 22 44 12 41 11 45 26 19 6 27 35 49 47 33 38 20 31 25 5 36 42 29
17 15 12 36 48 24 19 22 46 50 42 18 3 16 40 33 26 2 11 6 30 35 32 8 25 1 27 41 44 20 7 23 45 34 10 9 4 28 43 39 14 38 49 47 13 21 5 29 37 31
13 49 46 4 2 47 45 29 36 7 1 25 35 41 38 5 37 22 3 50 40 39 6 28 19 12 8 23 9 27 20 18 48 15 10 42 14 43 24 11 31 21 44 30 17 16 32 26 33 34
5 30 33 40 8 31 15 35 26 25 23 50 29 13 10 24 47 43 14 27 16 36 49 45 9 19 3 37 46 7 32 17 48 12 41 6 28 18 22 21 39 2 38 42 11 20 34 1 44 4
23 14 1 26 2 3 4 27 39 28 5 30 6 7 8 29 9 34 22 10 11 48 12 13 38 41 15 16 17 42 18 19 31 32 20 33 35 36 21 46 37 40 24 43 44 45 25 50 47 49
22 23 27 25 28 24 26 29 21 4 2 1 9 5 6 7 3 10 8 30 13 12 16 19 15 11 18 20 14 17 44 43 41 50 49 45 47 42 46 48 35 39 37 40 34 36 33 31 32 38
12 4 1 32 48 3 27 39 47 34 19 42 8 15 17 13 36 5 16 10 26 49 41 23 21 46 7 18 45 28 11 43 38 24 2 31 37 50 25 40 33 30 14 44 6 9 22 29 20 35
33 12 22 19 6 32 25 20 5 2 13 39 21 44 10 47 27 37 31 38 43 40 46 49 8 48 45 7 23 24 1 50 29 15 36 30 35 17 16 14 4 34 3 9 18 28 26 41 11 42
15 6 13 1 11 14 8 10 5 12 2 4 3 16 7 9
23 27 25 21 16 49 8 35 46 2 17 10 38 30 40 45 14 3 43 37 9 12 20 6 36 42 32 31 5 22 7 39 11 28 19 34 1 13 47 50 44 4 24 18 29 41 33 15 48 26
21 43 18 9 6 16 30 11 38 37 26 24 13 32 29 20 49 33 42 1 12 45 44 28 14 46 27 39 34 2 23 5 47 10 35 17 19 15 40 8 36 48 3 7 50 31 25 22 41 4
47 7 26 11 5 40 44 39 46 42 45 38 48 23 18 2 37 36 12 3 50 32 25 24 21 35 43 27 14 1 31 33 34 17 15 16 41 30 9 6 10 19 8 29 4 28 13 22 49 20
17 18 9 34 30 39 2 35 29 33 1 27 21 22 5 10 4 24 23 40 14 12 20 25 38 37 16 8 11 28 31 3 15 13 32 36 26 7 6 19
5 21 47 23 42 49 7 14 16 1 12 29 43 32 35 37 22 10 34 33 19 20 13 50 46 41 8 25 44 11 24 48 15 6 17 36 2 3 39 9 31 45 40 18 38 28 4 30 26 27
18 7 48 22 45 2 41 35 5 33 49 34 6 4 28 23 39 37 43 24 11 8 30 9 3 44 29 32 25 1 38 13 20 15 26 36 21 50 14 16 42 40 47 12 31 27 19 10 17 46
49 3 2 1 50 33 18 19 32 20 21 22 23 24 25 26 27 28 29 30 31 38 13 14 37 15 36 16 35 17 34 42 9 10 11 41 39 12 40 43 8 44 7 45 6 46 5 47 4 48
44 18 28 45 20 32 9 15 43 8 22 3 21 16 13 46 37 31 23 5 49 50 36 48 12 6 34 14 25 41 39 7 35 19 30 38 26 2 11 47 40 33 24 17 42 27 10 4 1 29
14 30 26 6 28 1 42 44 18 48 32 5 27 41 8 49 23 37 40 13 46 12 22 15 47 16 7 38 11 2 20 31 39 36 19 21 43 25 10 50 4 17 24 34 45 9 3 29 33 35
11 10 5 8 4 3 12 1 7 9 2 6
10 19 34 50 1 32 47 18 22 4 20 36 9 33 39 23 21 25 14 43 31 42 41 12 29 8 3 35 6 2 30 27 7 15 17 26 46 24 5 11 38 13 37 16 28 49 45 48 40 44
14 48 45 27 3 20 1 35 19 25 34 36 47 44 17 21 38 11 29 24 2 4 9 40 26 7 31 37 50 5 15 18 22 46 39 23 33 28 49 13 32 30 12 42 10 6 43 8 41 16
27 45 21 23 1 44 19 30 29 12 40 38 26 5 17 49 13 8 36 6 33 20 24 50 43 22 32 46 25 2 37 9 39 18 47 14 28 7 10 31 41 16 4 35 15 48 42 11 34 3
5 18 24 20 17 7 2 12 9 21 19 1 10 6 23 3 4 11 15 13 8 16 14 22
7 35 29 12 3 46 27 32 10 17 8 24 9 44 36 6 43 13 45 33 21 28 25 23 15 26 30 11 34 38 16 42 48 2 39 41 22 1 5 47 20 37 14 31 19 18 40 4
3 4 5 8 7 12 9 10 11 14 13 18 15 16 17 20 19 24 21 22 23 26 25 30 27 28 29 32 31 36 33 34 35 38 37 42 39 40 41 44 6 1 2 47 46 45 48 43
1 14 6 35 15 27 11 2 38 7 22 21 20 10 42 36 43 16 30 32 47 18 46 33 8 26 23 50 39 3 12 4 5 9 29 28 37 45 40 19 17 48 31 49 25 24 13 41 34 44
6 24 15 38 34 3 7 10 37 18 47 11 28 26 8 27 46 2 9 5 17 25 44 13 40 16 19 49 42 30 45 4 31 39 21 33 35 36 14 50 20 1 41 48 12 22 32 43 23 29
50 49 48 47 46 45 44 43 42 41 40 39 38 37 36 35 34 33 32 31 30 29 28 27 26 25 24 23 22 21 20 19 18 17 16 15 14 13 12 11 10 9 8 7 6 5 4 3 2 1
21 4 19 1 20 5 15 9 6 17 10 13 8 26 18 2 22 24 12 3 14 7 11 25 16 23
30 29 34 22 14 5 50 27 31 15 25 17 43 41 46 6 12 21 47 39 26 2 3 8 44 33 36 9 20 19 37 28 38 4 18 7 40 48 35 16 13 1 45 49 42 24 10 11 32 23
49 48 16 12 17 27 21 25 28 24 26 22 29 23 30 6 3 9 38 32 36 8 2 10 34 31 40 18 11 15 37 33 35 4 1 7 39 19 14 13 44 41 43 5 46 42 45 20 47 50
25 4 14 5 33 32 17 12 3 2 18 37 31 6 47 38 35 41 28 27 13 46 40 43 9 39 49 48 21 11 26 30 10 1 19 50 8 45 23 42 16 15 22 36 24 7 34 44 29 20
25 49 39 9 12 1 15 30 7 18 23 37 47 43 24 26 33 28 45 6 14 5 16 2 44 31 48 3 38 13 22 19 40 36 20 8 50 27 10 11 32 4 41 29 42 17 34 46 35 21
18 45 28 49 24 30 20 46 43 23 11 39 25 10 19 22 21 38 32 41 5 2 48 17 1 44 40 6 35 4 3 9 7 27 12 26 13 33 15 14 50 37 29 8 42 34 36 47 16 31
1 21 35 17 23 30 6 16 34 38 49 11 5 2 36 37 43 18 33 46 29 10 14 32 20 31 44 45 7 13 28 22 26 15 8 12 3 24 47 4 19 48 27 50 25 40 39 42 9 41
24 4 14 48 42 43 15 19 2 16 34 41 5 8 1 35 49 40 22 6 11 33 17 31 9 20 32 37 27 39 12 25 3 46 45 7 44 21 36 38 23 18 30 29 13 50 26 28 47 10
37 17 8 40 2 22 36 6 25 14 21 15 13 3 18 43 12 35 29 26 33 45 41 1 49 47 23 24 48 7 44 28 5 27 20 30 31 39 38 32 9 4 50 42 10 16 19 46 34 11
32 29 49 4 50 34 21 17 18 44 16 30 22 35 24 7 1 41 33 5 15 19 43 47 2 26 14 46 3 12 42 25 36 8 13 28 20 38 37 10 11 27 48 45 23 9 31 40 39 6
1 5 3 6 4 2
23 7 21 10 28 15 16 9 2 29 18 14 22 17 24 30 5 20 6 13 8 26 3 25 1 12 11 27 4 19
49 32 31 23 3 24 25 17 15 48 47 19 29 36 39 16 35 18 37 27 28 10 20 5 44 38 21 13 33 6 43 11 2 40 7 34 8 9 46 1 14 22 42 26 30 50 12 4 41 45
7 5 33 2 1 4 3 9 11 6 17 13 19 8 15 21 23 10 35 25 27 16 29 31 37 12 39 14 18 20 41 22 24 26 43 38 28 34 45 30 44 32 47 46 36 40 49 42 48 50
22 1 21 2 32 3 23 4 30 5 19 6 33 7 34 8 25 9 24 12 29 13 27 14 28 10 31 11 26 15 20 16 17 18
3 5 2 8 6 9 11 1 12 7 10 4
46 47 48 42 41 44 38 39 40 34 33 36 30 31 32 26 25 28 22 23 24 18 17 20 14 15 16 10 9 12 6 7 8 2 1 4 13 11 3 5 45 43 27 29 37 35 21 19
49 48 47 46 45 44 43 42 41 40 39 38 37 36 35 34 33 32 31 30 29 28 27 26 25 24 23 22 21 20 19 18 17 16 15 14 13 12 11 10 9 8 7 6 5 4 3 2 1 50
41 15 48 27 16 14 31 43 12 30 24 9 8 34 4 50 22 21 13 7 25 38 40 18 1 11 49 3 20 10 37 5 29 35 28 2 46 36 42 33 44 47 26 45 6 23 39 17 32 19
2 9 4 3 16 1 14 17 13 8 5 7 10 15 20 19 12 6 18 11
42 13 38 27 47 17 2 37 1 15 36 7 3 20 19 41 35 26 40 16 48 30 8 9 11 18 23 45 34 21 25 5 33 29 50 31 10 6 22 49 12 39 28 14 4 43 32 46 44 24
21 10 34 12 3 19 43 5 30 28 15 13 24 4 29 33 25 48 40 39 50 26 36 14 6 37 35 18 45 16 46 44 11 38 41 47 7 9 22 1 23 8 32 49 20 2 17 31 42 27
39 20 17 12 42 29 49 35 48 25 9 36 41 33 4 11 5 46 18 27 24 40 34 28 38 10 14 26 3 44 8 22 15 16 43 21 45 1 19 47 50 6 32 31 7 13 2 30 23 37
40 32 5 3 19 6 10 48 13 49 33 30 17 27 34 18 12 16 36 11 47 31 23 21 2 46 39 8 42 7 45 4 22 28 1 29 37 24 15 25 43 41 38 50 9 35 20 14 44 26
16 46 43 11 15 20 24 38 14 32 8 23 41 2 31 17 3 42 19 10 9 26 33 13 28 27 12 39 1 18 35 22 21 36 29 6 34 40 30 45 4 44 37 7 5 25
5 30 27 7 22 1 41 32 12 35 23 34 21 37 8 33 36 20 42 15 6 11 10 38 29 26 16 14 13 9 18 40 2 28 17 39 3 24 19 4 31 25
1 2 50 49 24 23 29 30 48 4 3 11 41 42 10 9 35 36 17 18 47 32 31 34 33 16 15 37 38 14 13 39 40 12 5 6 46 19 20 26 25 27 28 45 7 8 44 43 22 21
6 36 40 14 27 35 5 1 16 37 4 20 24 17 11 29 9 26 2 22 33 38 21 41 7 34 18 12 39 47 23 28 25 19 30 10 49 46 48 13 32 3 15 45 8 44 42 50 31 43
48 47 46 45 44 43 42 41 40 39 38 37 36 35 34 33 32 31 30 29 28 27 26 25 24 23 22 21 20 19 18 17 16 15 14 13 12 11 10 9 8 7 6 5 4 3 2 1 49 50
41 8 33 17 12 50 26 36 34 25 14 48 21 22 20 39 42 37 35 9 15 31 49 27 18 47 43 28 29 40 32 16 10 23 19 45 13 30 38 44 46 11 24 7 6 5 4 3 2 1
9 30 50 2 1 12 16 18 8 17 21 28 43 33 46 23 25 13 47 14 7 15 34 36 38 26 40 19 5 24 6 20 42 29 22 27 39 4 3 45 49 37 32 11 10 35 31 41 48 44
14 43 39 20 4 36 37 25 16 24 22 47 10 3 1 17 44 33 31 45 12 30 26 18 34 41 15 5 6 13 27 49 46 28 48 21 23 11 32 7 29 19 38 9 2 42 50 40 8 35
6 4 5 1 2 3
25 38 26 19 16 32 6 45 39 8 9 13 5 18 12 44 50 24 27 29 14 37 22 17 40 41 4 33 47 21 11 46 15 31 23 1 35 3 43 20 42 36 2 34 28 48 49 10 30 7
43 33 49 15 14 24 31 9 23 22 20 41 39 36 48 32 46 16 25 10 4 26 50 29 8 34 42 28 12 1 38 45 30 7 40 5 47 37 19 35 44 11 21 3 13 6 27 2 18 17
5 16 50 23 9 41 27 19 43 22 14 31 47 18 28 30 40 49 38 12 4 11 10 44 8 3 33 13 35 36 46 1 45 26 39 48 42 24 17 29 32 6 37 15 21 7 20 34 2 25
7 45 4 40 49 14 25 43 1 50 41 39 16 33 48 32 38 2 3 47 23 9 21 11 27 42 34 36 30 13 22 15 20 5 6 17 24 37 46 44 26 10 19 29 28 18 8 31 35 12
7 2 46 3 10 16 38 35 25 41 47 28 26 15 32 4 27 23 43 42 31 33 19 11 36 12 48 17 24 29 49 22 40 21 13 37 45 6 18 9 34 1 8 44 14 20 39 5 30 50
11 7 6 5 10 12 4 2 1 8 3 9
8 19 9 43 34 38 20 48 1 28 14 23 13 5 11 6 12 33 2 3 26 29 44 39 18 7 37 17 36 4 40 25 32 31 30 10 27 47 15 45 35 22 46 41 42 21 16 24 50 49
22 31 16 28 32 47 27 4 1 42 24 6 8 38 2 50 5 7 3 44 41 40 30 19 46 17 23 45 43 36 11 39 29 15 18 21 20 49 13 37 26 25 48 35 12 14 34 9 33 10
28 27 8 20 18 36 46 33 11 1 3 34 42 38 22 9 17 49 47 41 4 12 21 50 44 45 2 15 14 30 26 40 10 6 24 35 43 37 7 19 25 32 48 5 13 23 39 29 31 16
8 12 38 40 39 37 31 33 41 18 49 19 28 10 23 42 43 6 35 14 26 24 16 50 1 32 27 34 2 47 17 29 15 3 13 30 44 48 9 25 7 36 5 4 46 11 22 45 21 20
2 17 6 19 42 34 3 37 35 16 9 15 4 5 21 13 1 28 40 7 11 10 39 22 27 32 49 30 29 44 38 14 50 31 47 25 33 12 24 23 26 46 20 48 43 36 18 41 45 8
38 36 28 16 31 18 29 20 33 27 37 32 6 22 43 17 9 50 25 14 40 8 5 49 24 45 39 21 19 12 2 47 42 4 15 7 26 44 46 41 35 3 23 10 34 11 48 1 13 30
15 16 34 27 20 24 45 31 49 5 47 7 23 25 36 33 19 21 1 44 32 48 38 6 22 3 50 13 26 46 8 30 11 2 28 29 10 35 12 42 18 43 40 41 39 37 4 17 9 14
49 30 25 27 29 46 2 20 1 24 14 42 7 48 28 37 40 15 31 12 17 35 23 8 33 9 32 18 11 6 36 13 10 16 3 44 47 19 45 5 4 43 41 26 39 38 50 22 34 21
13 1 14 7 8 3 5 9 11 10 6 12 2 4
20 11 2 18 10 5 6 14 12 15 19 3 4 7 9 16 8 17 13 1
2 15 16 14 6 1 4 12 7 5 8 13 3 9 10 11
37 23 22 7 25 6 36 4 12 21 11 8 32 27 5 31 10 20 9 28 30 26 17 14 33 19 15 18 29 16 3 13 35 34 24 2 40 39 38 1
4 12 35 14 13 46 30 31 38 9 24 3 25 48 6 21 44 8 28 16 49 36 43 19 39 11 42 1 10 18 41 23 32 47 20 40 37 45 22 27 50 7 5 34 33 26 15 17 29 2
45 5 43 36 1 48 6 33 38 44 11 40 30 39 14 41 8 25 32 29 34 37 35 15 46 28 9 42 12 24 17 26 10 19 16 7 22 21 50 18 2 27 47 20 23 3 49 4 31 13
1 2 3 4 5 6 7 8 9 10 11 12 13 14 15 16 17 18 19 20 21 22 23 24 25 26 27 28 29 30 31 32 33 34 35 36 37 38 39 40 41 42 43 44 45 46 47 48
50 49 48 47 46 45 44 43 42 41 40 39 38 37 36 35 34 33 32 31 30 29 28 27 26 25 24 23 22 21 20 19 18 17 16 15 14 13 12 11 10 9 8 7 6 5 4 3 2 1
44 46 48 47 49 50 45 43 42 41 36 35 34 38 39 40 8 33 32 31 1 29 28 27 26 25 24 23 22 21 20 19 18 17 16 15 11 13 12 14 10 9 5 3 4 2 30 6 37 7
33 19 11 23 49 39 10 20 41 24 31 43 47 14 37 46 2 8 22 44 15 45 6 27 36 38 48 5 26 34 9 29 3 32 1 21 35 17 50 4 13 40 42 25 30 16 7 18 28 12
5 34 2 14 43 20 32 6 7 17 26 35 15 33 22 3 45 21 44 4 13 46 48 47 39 37 25 42 9 19 24 16 1 27 36 31 10 18 41 38 40 28 30 23 29 8 11 12
22 38 12 32 4 47 24 43 37 36 48 42 28 5 45 15 41 50 16 7 8 49 21 17 10 35 26 46 31 2 14 25 11 39 29 44 20 13 3 30 23 19 1 27 18 9 34 40 33 6
16 20 21 19 33 24 48 29 26 46 15 22 14 36 18 49 44 50 38 23 42 1 7 3 5 31 47 35 40 6 27 25 34 12 10 9 28 8 2 13 30 37 17 39 43 45 41 4 32 11
14 2 40 33 34 48 3 21 4 17 5 28 41 19 7 47 32 29 45 31 36 16 20 23 13 24 42 10 39 30 15 43 27 46 49 11 37 35 18 1 50 38 6 44 8 25 26 9 22 12
43 21 33 7 30 17 13 26 37 28 38 27 48 31 44 20 9 3 18 34 10 40 45 25 22 11 47 23 15 4 2 19 6 1 49 39 42 14 8 41 12 16 32 50 24 36 5 35 46 29
5 34 6 42 16 40 27 48 29 49 43 32 10 39 25 44 31 2 15 26 22 18 4 45 37 38 24 19 50 23 11 9 12 20 21 47 13 41 8 46 35 1 3 7 33 36 28 30 14 17
2 1 4 6 3 5
11 9 34 22 12 37 28 18 30 46 26 14 3 33 41 38 27 15 47 24 4 16 44 31 5 19 1 6 39 23 10 7 42 32 17 20 48 50 40 29 2 36 43 21 8 25 49 35 45 13
7 4 8 6 11 12 10 2 3 5 1 9
15 16 17 21 22 18 19 20 24 23 3 2 1 4 5 10 11 12 13 14 8 7 6 9
17 18 26 40 39 46 13 9 22 27 30 19 25 36 15 14 24 8 43 31 1 33 3 38 41 45 47 42 29 2 28 7 23 16 34 20 6 12 5 50 21 4 48 32 49 10 44 11 37 35
40 11 6 36 48 29 50 18 24 25 49 10 31 8 30 41 13 9 19 15 43 35 28 22 2 38 20 4 23 27 32 34 7 39 26 21 1 3 42 12 16 46 17 5 47 33 45 14 37 44
16 17 44 49 11 48 9 26 40 7 38 35 4 21 14 5 24 45 37 46 19 10 1 33 31 27 42 34 12 39 2 23 50 8 20 47 6 32 41 36 22 29 28 25 13 18 15 3 43 30
48 1 29 16 39 10 12 37 5 22 4 34 8 44 31 2 27 26 21 32 6 3 28 19 41 18 50 35 23 7 42 14 25 49 45 43 9 20 17 30 24 33 36 40 46 11 15 13 47 38
5 1 2 3 4 8 7 6 38 39 40 36 37 33 34 35 30 31 32 28 29 25 26 27 22 23 24 20 21 17 18 19 43 42 41 45 44 48 47 46 11 14 15 16 12 13 9 10
13 24 41 38 9 46 12 1 18 6 31 11 21 22 17 32 10 19 8 37 14 3 33 50 49 28 16 2 43 47 39 42 4 44 29 30 40 35 26 25 5 45 36 20 27 7 48 15 34 23
34 45 36 16 44 15 1 23 50 5 17 40 24 41 8 19 42 13 46 10 25 20 29 21 12 6 47 49 43 7 27 26 31 4 14 37 33 11 2 39 9 35 48 32 3 22 18 38 28 30
6 3 5 1 4 7 2 8
47 17 19 16 28 11 42 50 39 9 22 49 29 20 32 26 7 23 1 41 45 3 13 36 35 38 15 2 24 37 10 33 40 30 14 44 4 25 43 27 34 21 8 12 18 48 6 46 5 31
6 13 3 14 5 12 9 11 1 2 8 7 10 4
49 47 22 37 43 42 48 44 41 34 25 23 3 1 6 17 20 36 13 39 11 21 33 5 35 4 46 2 8 18 16 7 12 27 14 26 45 24 28 30 15 29 38 32 10 40 50 9 19 31
8 7 6 5 4 3 2 1
42 41 40 36 35 34 30 29 28 25 26 27 31 32 33 37 38 39 43 44 45 1 2 3 7 8 9 13 14 15 19 20 21 24 23 22 18 17 16 12 11 10 6 5 4 48 47 46
1 16 25 45 46 50 19 32 41 14 6 39 36 4 31 8 3 10 26 40 15 44 34 5 37 42 17 35 21 24 22 48 11 33 20 27 2 49 30 23 43 47 13 29 9 28 7 18 12 38
25 7 21 12 14 1 19 13 8 6 26 15 24 22 5 16 11 10 20 18 9 17 4 3 23 2
15 1 3 5 2 4 6 8 7 9 11 13 10 12 14 16
18 17 21 20 24 23 22 43 42 41 45 44 48 47 46 35 34 33 37 36 40 39 38 11 10 9 13 12 16 15 14 19 27 26 25 29 28 32 31 30 6 7 8 4 3 2 1 5
3 33 42 38 28 37 46 35 45 16 31 8 23 21 43 34 22 2 7 25 11 39 10 47 29 5 4 24 32 20 36 41 48 18 12 17 19 15 26 6 44 40 1 13 14 30 27 9
1 11 45 36 30 13 32 40 41 12 16 23 42 27 47 5 4 24 48 50 49 19 3 7 28 39 35 22 18 21 31 46 34 20 43 37 44 8 2 10 38 26 29 25 6 15 33 9 14 17
46 32 31 4 5 29 41 19 30 45 1 42 26 27 11 23 49 9 28 12 25 17 33 37 22 16 18 10 14 35 2 13 15 34 39 21 7 48 6 24 3 43 40 20 38 50 47 8 44 36
47 45 36 34 33 35 38 40 39 37 20 5 7 8 6 3 1 49 50 48 46 43 41 42 44 13 15 16 14 11 9 10 12 29 31 32 30 27 25 26 28 21 23 24 22 19 17 18 2 4
19 45 20 10 8 34 16 37 14 12 35 36 31 13 32 18 26 6 11 39 46 40 7 22 43 30 27 25 33 47 28 24 49 4 2 29 9 44 38 17 15 42 5 50 3 48 41 23 21 1
5 22 6 14 25 3 45 12 41 1 10 36 7 35 44 31 40 43 32 15 20 21 47 23 18 24 37 34 27 11 39 50 4 33 9 16 48 2 13 29 38 42 17 26 49 30 28 19 8 46
48 44 9 3 50 17 24 4 38 43 23 5 21 41 16 46 10 11 2 29 37 31 6 15 18 42 40 7 36 28 13 22 34 32 27 1 26 47 30 12 14 25 39 45 19 35 20 49 33 8
8 7 5 9 6 3 1 10 2 4
12 39 1 23 14 49 4 37 3 8 2 19 28 15 32 27 47 35 22 16 36 43 38 6 41 10 40 25 7 5 42 20 44 33 24 29 11 34 46 9 26 50 17 48 31 21 45 18 30 13
15 17 16 18 19 14 13 8 9 11 10 12 7 2 3 5 4 6 1 24 22 23 21 20
50 1 36 39 19 21 46 7 26 24 13 22 18 42 31 41 5 10 20 29 40 16 25 9 38 37 43 2 30 27 17 32 47 15 35 48 4 11 34 49 44 6 45 14 23 33 3 28 12 8
42 16 17 32 18 45 20 24 44 46 33 39 35 21 29 2 12 6 34 31 38 13 4 47 28 30 36 23 10 22 1 27 9 40 48 15 41 25 8 5 37 19 3 26 14 11 43 7
13 4 11 18 14 20 21 12 3 10 2 22 8 7 5 17 9 6 19 1 16 15
23 43 39 3 20 30 42 4 40 35 7 31 5 8 19 46 21 37 11 16 38 26 27 25 50 2 14 15 24 18 34 44 29 49 28 22 1 36 32 9 10 13 12 48 45 33 6 17 47 41
16 17 15 14 18 19 4 5 6 7 8 9 10 11 12 13 20 21 22 23 30 27 26 28 29 24 25 3 2 1
33 47 41 46 34 35 27 21 26 12 45 20 39 29 40 18 28 31 7 14 48 13 22 6 36 3 30 32 23 9 11 38 8 10 15 16 49 17 25 50 37 5 4 43 24 1 19 44 42 2
7 15 3 10 5 11 9 8 14 4 6 13 16 2 12 1 39 47 35 42 37 43 41 40 46 36 38 45 48 34 44 33 23 31 19 26 21 27 25 24 30 20 22 29 32 18 28 17 50 49
3 46 40 6 15 37 35 47 33 25 41 1 17 26 19 11 9 20 10 13 39 5 23 22 21 44 28 4 38 30 36 49 31 48 2 32 43 16 12 29 42 24 14 34 27 7 45 50 8 18
20 35 49 21 19 30 43 16 26 12 8 37 34 29 9 41 13 32 47 27 15 33 22 17 44 40 39 18 10 5 50 3 46 14 28 6 1 4 42 25 23 24 45 38 36 31 7 2 11 48
13 40 39 38 37 36 35 34 33 32 31 30 29 28 27 26 25 24 23 22 21 20 19 18 17 16 15 14 8 9 10 11 12 7 6 5 4 3 2 1
21 37 50 24 5 41 48 30 18 6 27 15 28 8 14 39 20 34 23 7 13 45 31 4 38 49 10 9 47 17 25 46 40 1 22 44 33 11 2 29 32 42 19 26 3 16 12 35 36 43
28 41 49 48 29 24 8 15 37 17 11 19 7 4 26 18 36 9 35 34 5 23 40 39 14 16 33 20 46 6 21 43 13 38 42 25 47 1 3 30 22 50 32 31 44 27 2 45 12 10
16 6 2 1 19 33 32 42 48 47 31 43 44 34 50 49 15 21 20 46 8 7 23 5 4 22 10 11 3 17 18 12 40 41 9 13 14 24 28 29 45 27 26 30 36 35 25 37 38 39
15 16 12 13 9 10 11 19 18 17 21 20 24 23 22 14 6 7 8 4 5 1 2 3
29 17 34 27 50 1 40 2 35 28 12 18 39 11 10 8 22 36 5 4 6 42 49 37 38 15 21 44 45 13 31 7 14 24 25 43 48 30 20 41 33 46 9 16 47 23 3 32 19 26
47 22 18 14 30 49 21 43 34 16 9 45 42 41 2 5 6 24 44 17 15 26 19 25 39 27 1 12 35 33 4 20 29 23 28 13 48 37 7 31 46 32 40 36 50 11 3 38 10 8
8 2 4 1 3 9 6 10 7 5
3 24 5 43 44 6 7 1 38 30 19 26 45 47 22 10 8 41 29 33 20 9 16 49 27 42 15 21 13 46 50 31 14 23 11 36 40 28 2 12 25 35 48 39 17 18 4 37 32 34
5 1 2 3 4 8 9 13 14 15 16 12 11 10 31 32 28 29 25 26 27 22 23 24 20 21 17 18 19 30 43 42 41 45 44 48 47 46 38 39 40 36 37 33 34 35 6 7
41 42 43 11 10 9 8 40 39 38 6 5 37 36 4 3 2 1 45 44 12 13 14 15 16 17 18 19 20 21 22 23 24 25 26 27 28 29 30 31 32 33 34 35 7 48 47 46
6 2 4 7 1 5 8 3
46 20 25 42 38 2 21 24 41 49 3 43 31 27 8 5 6 15 7 11 23 45 34 48 22 18 17 44 19 28 16 40 50 13 33 1 14 36 30 32 35 26 39 37 10 12 47 29 9 4
27 28 29 30 31 32 33 34 35 36 37 38 39 40 41 42 43 44 45 46 47 48 26 25 24 23 22 21 20 19 18 17 16 15 14 13 12 11 10 9 8 7 6 5 4 3 1 2
10 9 11 22 14 29 27 28 44 19 38 24 8 49 16 21 20 33 37 31 40 23 13 4 1 32 12 34 46 36 41 50 18 2 30 45 17 48 35 25 6 47 43 15 5 42 7 26 39 3
6 1 4 3 2 5
43 35 13 37 8 9 12 1 19 18 10 36 33 45 15 20 28 3 26 32 41 11 6 34 46 17 25 22 21 42 24 44 38 39 23 27 40 30 29 7 5 4 31 14 16 2
48 47 46 45 44 43 42 41 40 39 38 37 36 35 34 33 32 31 30 29 28 27 26 25 24 23 22 21 20 19 18 17 16 15 14 13 12 11 10 9 8 7 6 5 4 3 2 1
30 43 33 19 22 5 50 9 7 17 48 49 12 39 34 40 18 38 28 6 27 32 13 20 3 46 11 16 44 24 35 45 10 1 31 14 42 21 4 8 36 29 15 26 37 2 23 25 47 41
24 21 14 10 9 6 42 39 37 33 45 46 48 29 25 41 17 2 38 36 11 12 18 3 1 7 19 13 50 16 22 27 32 47 35 31 4 8 34 26 28 5 30 15 44 49 40 43 20 23
36 15 14 25 11 38 48 42 50 19 39 46 37 22 12 5 23 1 18 8 4 3 17 35 32 21 40 30 6 45 41 44 49 24 2 28 31 13 29 9 16 47 33 26 7 20 43 34 27 10
3 2 4 1
20 22 9 17 8 19 4 10 5 2 21 7 16 3 18 23 25 24 14 13 26 12 6 11 15 1
26 40 31 1 13 6 9 45 50 38 43 49 25 32 19 10 16 37 20 14 34 11 3 46 36 28 4 5 8 18 2 33 7 27 21 23 47 15 30 41 44 22 35 24 39 29 17 48 12 42
47 23 39 11 15 30 20 18 2 42 8 14 24 1 9 21 44 50 12 38 46 41 17 36 31 34 6 40 37 35 32 28 25 26 22 49 48 4 5 3 27 19 10 33 43 7 13 29 45 16
9 47 41 36 5 29 40 44 18 49 21 16 50 22 1 46 11 42 13 6 43 2 28 14 37 26 35 8 4 27 48 24 38 31 15 23 34 7 10 39 45 19 3 32 20 25 33 12 30 17
43 7 49 17 5 35 40 10 4 2 38 13 50 27 19 12 48 42 30 22 3 32 44 29 25 26 1 24 45 41 16 20 33 37 21 6 36 31 28 39 18 47 34 14 9 11 15 46 23 8
50 45 47 17 21 29 44 9 13 6 4 11 22 8 35 19 36 28 18 48 3 41 26 20 1 2 32 33 10 5 34 16 49 24 14 42 15 7 37 43 40 27 30 31 12 39 25 23 46 38
5 19 4 27 7 32 29 30 2 14 1 36 35 47 22 45 50 37 10 12 9 28 20 25 18 39 31 49 24 17 41 34 42 15 16 6 44 33 38 21 23 13 43 48 46 3 11 8 40 26
34 33 37 36 40 39 38 43 42 41 45 44 48 47 46 35 19 18 17 21 20 24 23 22 11 10 9 13 12 16 15 14 27 26 25 29 28 32 31 30 6 5 1 2 3 4 8 7
3 16 8 11 19 9 26 24 7 1 4 17 13 14 20 18 22 21 12 6 15 2 25 5 10 23
1 2 3 5 6 7 4 8 11 9 12 15 14 10 13 16 19 18 17 22 21 23 20 24 27 25 26 29 31 28 30 32 35 33 36 39 38 37 34 40 43 41 42 46 45 48 44 47
13 2 9 3 16 14 17 1 8 7 6 5 4 12 15 10 11 18
3 48 2 41 16 23 13 21 43 25 4 34 33 44 18 26 42 12 24 22 49 14 31 37 28 19 6 15 46 27 5 9 32 45 11 47 17 29 7 40 38 35 30 8 1 20 50 10 36 39
2 3 29 24 32 15 44 39 41 4 6 5 9 1 8 7 19 30 23 28 42 26 18 22 12 40 37 50 46 48 49 36 38 27 43 20 21 14 16 11 13 10 45 17 33 35 34 47 31 25
30 29 28 22 23 24 25 26 27 21 20 19 31 32 33 15 14 13 37 38 39 9 8 7 43 44 45 3 2 1 48 47 46 4 5 6 42 41 40 10 11 12 36 35 34 16 17 18
19 40 11 30 48 22 25 12 18 36 28 3 35 16 2 50 38 4 5 15 31 1 49 7 10 20 27 47 29 42 23 41 32 13 43 33 44 24 46 26 21 14 6 17 34 37 39 8 9 45
38 6 43 45 19 49 40 35 33 34 14 17 44 22 11 32 42 23 7 21 36 26 25 24 18 9 27 48 5 41 50 3 16 10 47 39 28 1 37 8 15 12 2 13 20 30 31 46 4 29
4 3 5 1 6 2
17 37 9 5 3 21 2 48 49 46 31 12 44 15 32 33 16 35 14 11 13 45 22 25 1 43 6 47 39 8 34 26 27 41 19 20 23 7 40 10 42 38 18 28 50 29 4 24 30 36
8 1 2 3 6 7 4 5
1 2 3 4 5 6 49 48 47 46 45 44 43 42 41 40 39 38 37 36 35 34 33 32 31 30 29 28 27 26 25 24 23 22 21 20 19 18 17 16 15 14 13 12 11 10 9 8 7 50
27 29 26 18 1 12 21 8 15 11 20 35 16 32 2 17 13 33 4 6 36 9 10 22 5 23 24 7 34 28 3 19 30 25 14 31
2 16 17 11 12 5 46 34 44 1 33 15 32 41 48 37 3 29 36 14 20 45 8 19 42 9 28 27 31 7 38 4 25 24 30 35 6 18 43 22 21 39 47 23 10 13 40 26
36 34 49 40 7 1 8 37 12 45 16 21 18 41 6 33 23 24 15 38 19 3 26 25 32 22 31 27 20 14 46 43 50 39 10 35 47 48 29 5 30 17 4 2 44 28 13 9 11 42
7 8 9 10 11 12 3 2 1 16 17 18 4 5 6 13 14 15
25 4 47 46 23 32 37 20 13 33 21 22 27 28 15 12 43 1 50 49 29 44 48 10 8 24 3 42 16 2 36 30 5 18 26 45 34 31 19 39 17 11 38 7 6 41 35 14 9 40
42 4 11 49 27 47 16 23 18 41 35 26 1 37 2 9 45 34 44 5 33 36 7 24 48 28 3 39 12 32 20 19 10 50 31 21 25 38 13 29 8 30 14 6 22 15 17 43 40 46
44 14 11 21 26 17 37 23 43 31 48 20 35 15 30 5 36 29 12 33 10 38 47 40 6 24 45 41 27 16 9 3 39 19 7 50 13 2 49 46 32 1 28 8 25 42 4 22 34 18
30 6 46 37 14 40 29 35 42 36 24 44 10 19 7 17 9 5 21 11 12 3 15 27 22 26 23 45 1 33 4 28 20 18 39 38 2 31 34 43 41 16 32 8 25 13
43 30 46 8 17 36 14 44 40 25 15 28 12 18 23 33 7 4 22 13 2 31 41 3 39 19 21 9 32 34 38 24 10 11 37 29 45 6 20 26 1 16 42 35 5 27
39 42 49 46 27 10 38 17 12 8 19 31 7 26 9 3 20 44 14 23 28 16 13 21 40 43 47 48 25 18 34 32 11 30 1 35 29 45 22 24 15 4 5 36 37 2 6 33 41 50
22 40 13 1 7 6 19 37 47 36 38 50 3 33 41 9 21 17 35 29 23 43 39 24 5 2 4 15 25 28 49 34 48 45 10 18 20 16 27 31 46 12 8 32 26 14 11 30 44 42
23 6 15 2 25 5 10 16 3 8 11 19 9 26 24 7 1 4 17 13 14 20 18 22 21 12
3 14 11 27 8 6 29 25 18 5 2 4 9 12 7 19 30 24 1 16 26 13 15 21 10 23 22 17 28 20
43 44 34 36 35 25 27 26 16 18 17 7 9 8 41 40 42 31 33 32 22 24 23 13 15 14 4 6 5 37 38 39 28 30 29 19 21 20 10 12 11 1 3 2
27 47 19 16 46 18 5 15 4 33 38 30 11 50 14 42 10 25 17 39 45 13 49 48 37 20 6 9 2 22 26 31 3 44 24 21 1 34 29 8 36 32 12 35 40 43 7 23 41 28
2 15 50 34 48 14 10 13 33 3 44 29 41 31 35 32 22 9 40 30 1 8 45 16 43 28 46 4 36 7 18 39 5 42 23 12 47 27 20 38 26 11 6 49 25 21 37 17 19 24
42 23 11 17 39 40 48 32 4 6 49 12 5 22 14 20 7 29 45 27 43 47 28 33 30 41 44 8 37 46 36 2 24 16 50 3 38 31 26 34 18 10 25 15 1 9 19 13 21 35
17 13 47 23 14 38 3 43 19 1 24 34 8 31 27 11 30 5 6 46 25 40 35 50 28 15 18 7 33 49 48 4 2 42 41 9 16 37 32 12 10 29 26 20 45 44 36 21 39 22
50 49 48 47 46 45 44 43 42 41 40 39 38 37 36 35 34 33 32 31 30 29 28 27 26 25 24 4 22 21 20 19 18 17 16 15 14 13 12 11 10 9 8 7 2 1 3 23 5 6
28 33 35 42 17 45 31 6 48 7 29 26 46 9 12 41 43 3 39 11 2 8 24 10 50 5 44 1 37 23 4 16 47 18 22 15 21 38 13 34 19 49 14 20 32 36 30 27 25 40
48 45 17 2 38 8 11 18 29 24 21 5 37 42 34 16 1 7 23 13 26 25 31 46 14 36 32 20 3 43 30 44 4 35 27 9 15 33 40 10 41 28 19 47 12 22 6 39
1 8 7 6 2 3 4 5 13 45 44 43 42 46 47 48 41 21 20 19 18 22 23 24 17 37 36 35 34 38 39 40 33 25 32 31 30 26 27 28 29 9 16 15 14 10 11 12
7 11 14 22 27 6 21 19 4 17 13 9 18 23 20 12 28 1 26 2 31 16 32 29 10 24 3 15 25 30 5 8
49 50 39 22 8 19 35 46 41 21 4 24 27 44 28 23 2 17 36 45 34 14 10 20 32 48 38 16 3 9 29 47 31 18 6 13 37 40 42 15 5 12 30 43 33 25 26 11 1 7
10 1 14 3 7 2 6 8 5 4 9 11 15 12 13 16
17 21 2 10 14 3 18 15 9 22 1 25 7 11 5 20 8 24 4 13 23 26 6 19 16 12
